# Large scale fluxes
      time     |     wtsurf     |     wqsurf     |     thlsurf     |     qtsurf     |     psurf

 0.00000e+00     0.00000     0.00000   293.00000     0.00000 1.00000e+06
 9.00000e+02     0.00000     0.00000   292.50000     0.00000 1.00000e+06
 2.11000e+03     0.00000     0.00000   290.00000     0.00000 1.00000e+06

Large Scale Forcing Terms
       z    |    ug    |    vg    |    wfls    |    dqtdx    |    dqtdy    |    dqtdt    |    dthldt
#   0
     0.25000     0.44697    -0.77326 7.50000e-04     0.00000     0.00000     0.00000     0.00000
     0.75000     0.98288    -1.70038 2.25000e-03     0.00000     0.00000     0.00000     0.00000
     1.25000     1.23206    -2.13147 3.75000e-03     0.00000     0.00000     0.00000     0.00000
     1.75000     1.39620    -2.41542 5.25000e-03     0.00000     0.00000     0.00000     0.00000
     2.25000     1.51879    -2.62750 6.75000e-03     0.00000     0.00000     0.00000     0.00000
     2.75000     1.61668    -2.79685 8.25000e-03     0.00000     0.00000     0.00000     0.00000
     3.25000     1.69817    -2.93783 9.75000e-03     0.00000     0.00000     0.00000     0.00000
     3.75000     1.76797    -3.05859 1.12500e-02     0.00000     0.00000     0.00000     0.00000
     4.25000     1.82903    -3.16422 1.27500e-02     0.00000     0.00000     0.00000     0.00000
     4.75000     1.88328    -3.25808 1.42500e-02     0.00000     0.00000     0.00000     0.00000
     5.25000     1.93210    -3.34254 1.57500e-02     0.00000     0.00000     0.00000     0.00000
     5.75000     1.97648    -3.41931 1.72500e-02     0.00000     0.00000     0.00000     0.00000
     6.25000     2.01715    -3.48968 1.87500e-02     0.00000     0.00000     0.00000     0.00000
     6.75000     2.05470    -3.55462 2.02500e-02     0.00000     0.00000     0.00000     0.00000
     7.25000     2.08955    -3.61493 2.17500e-02     0.00000     0.00000     0.00000     0.00000
     7.75000     2.12209    -3.67121 2.32500e-02     0.00000     0.00000     0.00000     0.00000
     8.25000     2.15258    -3.72397 2.47500e-02     0.00000     0.00000     0.00000     0.00000
     8.75000     2.18129    -3.77363 2.62500e-02     0.00000     0.00000     0.00000     0.00000
     9.25000     2.20839    -3.82052 2.77500e-02     0.00000     0.00000     0.00000     0.00000
     9.75000     2.23407    -3.86495 2.92500e-02     0.00000     0.00000     0.00000     0.00000
    10.25000     2.25847    -3.90715 3.07500e-02     0.00000     0.00000     0.00000     0.00000
    10.75000     2.28170    -3.94735 3.22500e-02     0.00000     0.00000     0.00000     0.00000
    11.25000     2.30388    -3.98571 3.37500e-02     0.00000     0.00000     0.00000     0.00000
    11.75000     2.32509    -4.02241 3.52500e-02     0.00000     0.00000     0.00000     0.00000
    12.25000     2.34542    -4.05758 3.67500e-02     0.00000     0.00000     0.00000     0.00000
    12.75000     2.36493    -4.09134 3.82500e-02     0.00000     0.00000     0.00000     0.00000
    13.25000     2.38370    -4.12380 3.97500e-02     0.00000     0.00000     0.00000     0.00000
    13.75000     2.40177    -4.15506 4.12500e-02     0.00000     0.00000     0.00000     0.00000
    14.25000     2.41919    -4.18520 4.27500e-02     0.00000     0.00000     0.00000     0.00000
    14.75000     2.43601    -4.21430 4.42500e-02     0.00000     0.00000     0.00000     0.00000
    15.32750     2.45475    -4.24671 4.59825e-02     0.00000     0.00000     0.00000     0.00000
    15.98830     2.47534    -4.28233 4.79649e-02     0.00000     0.00000     0.00000     0.00000
    16.66078     2.49544    -4.31710 4.99823e-02     0.00000     0.00000     0.00000     0.00000
    17.34512     2.51507    -4.35107 5.20354e-02     0.00000     0.00000     0.00000     0.00000
    18.04147     2.53427    -4.38429 5.41244e-02     0.00000     0.00000     0.00000     0.00000
    18.75002     2.55306    -4.41680 5.62501e-02     0.00000     0.00000     0.00000     0.00000
    19.47093     2.57147    -4.44864 5.84128e-02     0.00000     0.00000     0.00000     0.00000
    20.20439     2.58950    -4.47984 6.06132e-02     0.00000     0.00000     0.00000     0.00000
    20.95057     2.60720    -4.51045 6.28517e-02     0.00000     0.00000     0.00000     0.00000
    21.70965     2.62456    -4.54048 6.51290e-02     0.00000     0.00000     0.00000     0.00000
    22.48182     2.64161    -4.56998 6.74455e-02     0.00000     0.00000     0.00000     0.00000
    23.26726     2.65836    -4.59896 6.98018e-02     0.00000     0.00000     0.00000     0.00000
    24.06617     2.67483    -4.62745 7.21985e-02     0.00000     0.00000     0.00000     0.00000
    24.87872     2.69102    -4.65547 7.46362e-02     0.00000     0.00000     0.00000     0.00000
    25.70512     2.70696    -4.68305 7.71154e-02     0.00000     0.00000     0.00000     0.00000
    26.54556     2.72266    -4.71020 7.96367e-02     0.00000     0.00000     0.00000     0.00000
    27.40023     2.73812    -4.73694 8.22007e-02     0.00000     0.00000     0.00000     0.00000
    28.26935     2.75335    -4.76329 8.48080e-02     0.00000     0.00000     0.00000     0.00000
    29.15310     2.76836    -4.78927 8.74593e-02     0.00000     0.00000     0.00000     0.00000
    30.05171     2.78317    -4.81489 9.01551e-02     0.00000     0.00000     0.00000     0.00000
    30.96537     2.79778    -4.84016 9.28961e-02     0.00000     0.00000     0.00000     0.00000
    31.89430     2.81220    -4.86511 9.56829e-02     0.00000     0.00000     0.00000     0.00000
    32.83872     2.82644    -4.88973 9.85161e-02     0.00000     0.00000     0.00000     0.00000
    33.79883     2.84049    -4.91405 1.01396e-01     0.00000     0.00000     0.00000     0.00000
    34.77486     2.85438    -4.93808 1.04325e-01     0.00000     0.00000     0.00000     0.00000
    35.76703     2.86810    -4.96182 1.07301e-01     0.00000     0.00000     0.00000     0.00000
    36.77556     2.88167    -4.98529 1.10327e-01     0.00000     0.00000     0.00000     0.00000
    37.80070     2.89508    -5.00849 1.13402e-01     0.00000     0.00000     0.00000     0.00000
    38.84265     2.90834    -5.03143 1.16528e-01     0.00000     0.00000     0.00000     0.00000
    39.90167     2.92146    -5.05413 1.19705e-01     0.00000     0.00000     0.00000     0.00000
    40.97798     2.93445    -5.07660 1.22934e-01     0.00000     0.00000     0.00000     0.00000
    42.07182     2.94730    -5.09883 1.26215e-01     0.00000     0.00000     0.00000     0.00000
    43.18345     2.96002    -5.12084 1.29550e-01     0.00000     0.00000     0.00000     0.00000
    44.31310     2.97262    -5.14263 1.32939e-01     0.00000     0.00000     0.00000     0.00000
    45.46103     2.98509    -5.16421 1.36383e-01     0.00000     0.00000     0.00000     0.00000
    46.62748     2.99745    -5.18559 1.39882e-01     0.00000     0.00000     0.00000     0.00000
    47.81272     3.00970    -5.20677 1.43438e-01     0.00000     0.00000     0.00000     0.00000
    49.01699     3.02183    -5.22777 1.47051e-01     0.00000     0.00000     0.00000     0.00000
    50.24058     3.03386    -5.24857 1.50722e-01     0.00000     0.00000     0.00000     0.00000
    51.48373     3.04578    -5.26920 1.54451e-01     0.00000     0.00000     0.00000     0.00000
    52.74672     3.05760    -5.28965 1.58240e-01     0.00000     0.00000     0.00000     0.00000
    54.02982     3.06933    -5.30994 1.62089e-01     0.00000     0.00000     0.00000     0.00000
    55.33331     3.08096    -5.33005 1.66000e-01     0.00000     0.00000     0.00000     0.00000
    56.65747     3.09249    -5.35001 1.69972e-01     0.00000     0.00000     0.00000     0.00000
    58.00258     3.10394    -5.36981 1.74008e-01     0.00000     0.00000     0.00000     0.00000
    59.36892     3.11530    -5.38946 1.78107e-01     0.00000     0.00000     0.00000     0.00000
    60.75679     3.12657    -5.40896 1.82270e-01     0.00000     0.00000     0.00000     0.00000
    62.16648     3.13776    -5.42832 1.86499e-01     0.00000     0.00000     0.00000     0.00000
    63.59829     3.14886    -5.44754 1.90795e-01     0.00000     0.00000     0.00000     0.00000
    65.05252     3.15989    -5.46661 1.95158e-01     0.00000     0.00000     0.00000     0.00000
    66.52947     3.17084    -5.48556 1.99588e-01     0.00000     0.00000     0.00000     0.00000
    68.02946     3.18172    -5.50438 2.04088e-01     0.00000     0.00000     0.00000     0.00000
    69.55279     3.19252    -5.52306 2.08658e-01     0.00000     0.00000     0.00000     0.00000
    71.09979     3.20325    -5.54163 2.13299e-01     0.00000     0.00000     0.00000     0.00000
    72.67077     3.21391    -5.56007 2.18012e-01     0.00000     0.00000     0.00000     0.00000
    74.26606     3.22451    -5.57840 2.22798e-01     0.00000     0.00000     0.00000     0.00000
    75.88599     3.23503    -5.59661 2.27658e-01     0.00000     0.00000     0.00000     0.00000
    77.53089     3.24549    -5.61470 2.32593e-01     0.00000     0.00000     0.00000     0.00000
    79.20110     3.25589    -5.63269 2.37603e-01     0.00000     0.00000     0.00000     0.00000
    80.89696     3.26623    -5.65057 2.42691e-01     0.00000     0.00000     0.00000     0.00000
    82.61882     3.27650    -5.66834 2.47856e-01     0.00000     0.00000     0.00000     0.00000
    84.36703     3.28671    -5.68601 2.53101e-01     0.00000     0.00000     0.00000     0.00000
    86.14194     3.29687    -5.70358 2.58426e-01     0.00000     0.00000     0.00000     0.00000
    87.94391     3.30697    -5.72105 2.63832e-01     0.00000     0.00000     0.00000     0.00000
    89.77331     3.31701    -5.73843 2.69320e-01     0.00000     0.00000     0.00000     0.00000
    91.63050     3.32700    -5.75571 2.74891e-01     0.00000     0.00000     0.00000     0.00000
    93.51585     3.33693    -5.77290 2.80548e-01     0.00000     0.00000     0.00000     0.00000
    95.42975     3.34682    -5.78999 2.86289e-01     0.00000     0.00000     0.00000     0.00000
    97.37258     3.35665    -5.80700 2.92118e-01     0.00000     0.00000     0.00000     0.00000
    99.34472     3.36643    -5.82392 2.98034e-01     0.00000     0.00000     0.00000     0.00000
   101.34657     3.37616    -5.84076 3.04040e-01     0.00000     0.00000     0.00000     0.00000
   103.37852     3.38585    -5.85751 3.10136e-01     0.00000     0.00000     0.00000     0.00000
   105.44097     3.39548    -5.87418 3.16323e-01     0.00000     0.00000     0.00000     0.00000
   107.53433     3.40507    -5.89077 3.22603e-01     0.00000     0.00000     0.00000     0.00000
   109.65902     3.41462    -5.90728 3.28977e-01     0.00000     0.00000     0.00000     0.00000
   111.81545     3.42411    -5.92372 3.35446e-01     0.00000     0.00000     0.00000     0.00000
   114.00404     3.43357    -5.94008 3.42012e-01     0.00000     0.00000     0.00000     0.00000
   116.22522     3.44298    -5.95636 3.48676e-01     0.00000     0.00000     0.00000     0.00000
   118.47942     3.45235    -5.97257 3.55438e-01     0.00000     0.00000     0.00000     0.00000
   120.76708     3.46168    -5.98871 3.62301e-01     0.00000     0.00000     0.00000     0.00000
   123.08865     3.47097    -6.00478 3.69266e-01     0.00000     0.00000     0.00000     0.00000
   125.44458     3.48022    -6.02078 3.76334e-01     0.00000     0.00000     0.00000     0.00000
   127.83531     3.48943    -6.03671 3.83506e-01     0.00000     0.00000     0.00000     0.00000
   130.26132     3.49860    -6.05258 3.90784e-01     0.00000     0.00000     0.00000     0.00000
   132.72306     3.50773    -6.06838 3.98169e-01     0.00000     0.00000     0.00000     0.00000
   135.22101     3.51683    -6.08411 4.05663e-01     0.00000     0.00000     0.00000     0.00000
   137.75565     3.52589    -6.09978 4.13267e-01     0.00000     0.00000     0.00000     0.00000
   140.32745     3.53491    -6.11539 4.20982e-01     0.00000     0.00000     0.00000     0.00000
   142.93692     3.54390    -6.13094 4.28811e-01     0.00000     0.00000     0.00000     0.00000
   145.58455     3.55285    -6.14643 4.36754e-01     0.00000     0.00000     0.00000     0.00000
   148.27083     3.56177    -6.16186 4.44812e-01     0.00000     0.00000     0.00000     0.00000
   150.99628     3.57065    -6.17723 4.52989e-01     0.00000     0.00000     0.00000     0.00000
   153.76141     3.57951    -6.19255 4.61284e-01     0.00000     0.00000     0.00000     0.00000
   156.56675     3.58833    -6.20780 4.69700e-01     0.00000     0.00000     0.00000     0.00000
   159.41281     3.59711    -6.22301 4.78238e-01     0.00000     0.00000     0.00000     0.00000
   162.30015     3.60587    -6.23815 4.86900e-01     0.00000     0.00000     0.00000     0.00000
   165.22928     3.61459    -6.25325 4.95688e-01     0.00000     0.00000     0.00000     0.00000
   168.20077     3.62329    -6.26829 5.04602e-01     0.00000     0.00000     0.00000     0.00000
   171.21517     3.63195    -6.28328 5.13645e-01     0.00000     0.00000     0.00000     0.00000
   174.27303     3.64059    -6.29822 5.22819e-01     0.00000     0.00000     0.00000     0.00000
   177.37493     3.64920    -6.31311 5.32125e-01     0.00000     0.00000     0.00000     0.00000
   180.52144     3.65777    -6.32795 5.41564e-01     0.00000     0.00000     0.00000     0.00000
   183.71314     3.66632    -6.34274 5.51139e-01     0.00000     0.00000     0.00000     0.00000
   186.95063     3.67484    -6.35748 5.60852e-01     0.00000     0.00000     0.00000     0.00000
   190.23449     3.68334    -6.37217 5.70703e-01     0.00000     0.00000     0.00000     0.00000
   193.56533     3.69180    -6.38682 5.80696e-01     0.00000     0.00000     0.00000     0.00000
   196.94377     3.70025    -6.40142 5.90831e-01     0.00000     0.00000     0.00000     0.00000
   200.37042     3.70866    -6.41598 6.01111e-01     0.00000     0.00000     0.00000     0.00000
   203.84591     3.71705    -6.43049 6.11538e-01     0.00000     0.00000     0.00000     0.00000
   207.37088     3.72541    -6.44496 6.22113e-01     0.00000     0.00000     0.00000     0.00000
   210.94595     3.73375    -6.45939 6.32838e-01     0.00000     0.00000     0.00000     0.00000
   214.57179     3.74206    -6.47377 6.43715e-01     0.00000     0.00000     0.00000     0.00000
   218.24906     3.75035    -6.48811 6.54747e-01     0.00000     0.00000     0.00000     0.00000
   221.97841     3.75862    -6.50241 6.65935e-01     0.00000     0.00000     0.00000     0.00000
   225.76052     3.76686    -6.51667 6.77282e-01     0.00000     0.00000     0.00000     0.00000
   229.59608     3.77508    -6.53088 6.88788e-01     0.00000     0.00000     0.00000     0.00000
   233.48577     3.78327    -6.54506 7.00457e-01     0.00000     0.00000     0.00000     0.00000
   237.43030     3.79144    -6.55920 7.12291e-01     0.00000     0.00000     0.00000     0.00000
   241.43037     3.79959    -6.57330 7.24291e-01     0.00000     0.00000     0.00000     0.00000
   245.48670     3.80772    -6.58736 7.36460e-01     0.00000     0.00000     0.00000     0.00000
   249.60001     3.81583    -6.60138 7.48800e-01     0.00000     0.00000     0.00000     0.00000
   253.77104     3.82391    -6.61537 7.61313e-01     0.00000     0.00000     0.00000     0.00000
   258.00053     3.83197    -6.62932 7.74002e-01     0.00000     0.00000     0.00000     0.00000
   262.28923     3.84002    -6.64323 7.86868e-01     0.00000     0.00000     0.00000     0.00000
   266.63791     3.84804    -6.65710 7.99914e-01     0.00000     0.00000     0.00000     0.00000
   271.04733     3.85604    -6.67095 8.13142e-01     0.00000     0.00000     0.00000     0.00000
   275.51827     3.86402    -6.68475 8.26555e-01     0.00000     0.00000     0.00000     0.00000
   280.05153     3.87198    -6.69853 8.40155e-01     0.00000     0.00000     0.00000     0.00000
   284.64791     3.87992    -6.71226 8.53944e-01     0.00000     0.00000     0.00000     0.00000
   289.30820     3.88784    -6.72597 8.67925e-01     0.00000     0.00000     0.00000     0.00000
   294.03324     3.89575    -6.73964 8.82100e-01     0.00000     0.00000     0.00000     0.00000
   298.82384     3.90363    -6.75328 8.96472e-01     0.00000     0.00000     0.00000     0.00000
   303.68086     3.91149    -6.76688 9.11043e-01     0.00000     0.00000     0.00000     0.00000
   308.60513     3.91934    -6.78046 9.25815e-01     0.00000     0.00000     0.00000     0.00000
   313.59752     3.92717    -6.79400 9.40793e-01     0.00000     0.00000     0.00000     0.00000
   318.65890     3.93498    -6.80751 9.55977e-01     0.00000     0.00000     0.00000     0.00000
   323.79015     3.94277    -6.82099 9.71370e-01     0.00000     0.00000     0.00000     0.00000
   328.99215     3.95055    -6.83444 9.86976e-01     0.00000     0.00000     0.00000     0.00000
   334.26582     3.95830    -6.84786 1.00280e+00     0.00000     0.00000     0.00000     0.00000
   339.61206     3.96604    -6.86126 1.01884e+00     0.00000     0.00000     0.00000     0.00000
   345.03179     3.97377    -6.87462 1.03510e+00     0.00000     0.00000     0.00000     0.00000
   350.52596     3.98147    -6.88795 1.05158e+00     0.00000     0.00000     0.00000     0.00000
   356.09552     3.98916    -6.90125 1.06829e+00     0.00000     0.00000     0.00000     0.00000
   361.74141     3.99684    -6.91453 1.08522e+00     0.00000     0.00000     0.00000     0.00000
   367.46460     4.00449    -6.92777 1.10239e+00     0.00000     0.00000     0.00000     0.00000
   373.26609     4.01213    -6.94099 1.11980e+00     0.00000     0.00000     0.00000     0.00000
   379.14686     4.01976    -6.95419 1.13744e+00     0.00000     0.00000     0.00000     0.00000
   385.10792     4.02737    -6.96735 1.15532e+00     0.00000     0.00000     0.00000     0.00000
   391.15029     4.03496    -6.98049 1.17345e+00     0.00000     0.00000     0.00000     0.00000
   397.27500     4.04254    -6.99360 1.19182e+00     0.00000     0.00000     0.00000     0.00000
   403.48308     4.05011    -7.00669 1.21045e+00     0.00000     0.00000     0.00000     0.00000
   409.77559     4.05766    -7.01974 1.22933e+00     0.00000     0.00000     0.00000     0.00000
   416.15361     4.06519    -7.03278 1.24846e+00     0.00000     0.00000     0.00000     0.00000
   422.61821     4.07271    -7.04579 1.26785e+00     0.00000     0.00000     0.00000     0.00000
   429.17049     4.08021    -7.05877 1.28751e+00     0.00000     0.00000     0.00000     0.00000
   435.81155     4.08770    -7.07173 1.30743e+00     0.00000     0.00000     0.00000     0.00000
   442.54252     4.09518    -7.08466 1.32763e+00     0.00000     0.00000     0.00000     0.00000
   449.36452     4.10264    -7.09757 1.34809e+00     0.00000     0.00000     0.00000     0.00000
   456.27871     4.11009    -7.11046 1.36884e+00     0.00000     0.00000     0.00000     0.00000
   463.28625     4.11753    -7.12332 1.38986e+00     0.00000     0.00000     0.00000     0.00000
   470.38831     4.12495    -7.13616 1.41116e+00     0.00000     0.00000     0.00000     0.00000
   477.58609     4.13236    -7.14898 1.43276e+00     0.00000     0.00000     0.00000     0.00000

       z    |    ug    |    vg    |    wfls    |    dqtdx    |    dqtdy    |    dqtdt    |    dthldt
#   900
     0.25000     0.44697    -0.77326 7.50000e-04     0.00000     0.00000     0.00000     0.00000
     0.75000     0.98288    -1.70038 2.25000e-03     0.00000     0.00000     0.00000     0.00000
     1.25000     1.23206    -2.13147 3.75000e-03     0.00000     0.00000     0.00000     0.00000
     1.75000     1.39620    -2.41542 5.25000e-03     0.00000     0.00000     0.00000     0.00000
     2.25000     1.51879    -2.62750 6.75000e-03     0.00000     0.00000     0.00000     0.00000
     2.75000     1.61668    -2.79685 8.25000e-03     0.00000     0.00000     0.00000     0.00000
     3.25000     1.69817    -2.93783 9.75000e-03     0.00000     0.00000     0.00000     0.00000
     3.75000     1.76797    -3.05859 1.12500e-02     0.00000     0.00000     0.00000     0.00000
     4.25000     1.82903    -3.16422 1.27500e-02     0.00000     0.00000     0.00000     0.00000
     4.75000     1.88328    -3.25808 1.42500e-02     0.00000     0.00000     0.00000     0.00000
     5.25000     1.93210    -3.34254 1.57500e-02     0.00000     0.00000     0.00000     0.00000
     5.75000     1.97648    -3.41931 1.72500e-02     0.00000     0.00000     0.00000     0.00000
     6.25000     2.01715    -3.48968 1.87500e-02     0.00000     0.00000     0.00000     0.00000
     6.75000     2.05470    -3.55462 2.02500e-02     0.00000     0.00000     0.00000     0.00000
     7.25000     2.08955    -3.61493 2.17500e-02     0.00000     0.00000     0.00000     0.00000
     7.75000     2.12209    -3.67121 2.32500e-02     0.00000     0.00000     0.00000     0.00000
     8.25000     2.15258    -3.72397 2.47500e-02     0.00000     0.00000     0.00000     0.00000
     8.75000     2.18129    -3.77363 2.62500e-02     0.00000     0.00000     0.00000     0.00000
     9.25000     2.20839    -3.82052 2.77500e-02     0.00000     0.00000     0.00000     0.00000
     9.75000     2.23407    -3.86495 2.92500e-02     0.00000     0.00000     0.00000     0.00000
    10.25000     2.25847    -3.90715 3.07500e-02     0.00000     0.00000     0.00000     0.00000
    10.75000     2.28170    -3.94735 3.22500e-02     0.00000     0.00000     0.00000     0.00000
    11.25000     2.30388    -3.98571 3.37500e-02     0.00000     0.00000     0.00000     0.00000
    11.75000     2.32509    -4.02241 3.52500e-02     0.00000     0.00000     0.00000     0.00000
    12.25000     2.34542    -4.05758 3.67500e-02     0.00000     0.00000     0.00000     0.00000
    12.75000     2.36493    -4.09134 3.82500e-02     0.00000     0.00000     0.00000     0.00000
    13.25000     2.38370    -4.12380 3.97500e-02     0.00000     0.00000     0.00000     0.00000
    13.75000     2.40177    -4.15506 4.12500e-02     0.00000     0.00000     0.00000     0.00000
    14.25000     2.41919    -4.18520 4.27500e-02     0.00000     0.00000     0.00000     0.00000
    14.75000     2.43601    -4.21430 4.42500e-02     0.00000     0.00000     0.00000     0.00000
    15.32750     2.45475    -4.24671 4.59825e-02     0.00000     0.00000     0.00000     0.00000
    15.98830     2.47534    -4.28233 4.79649e-02     0.00000     0.00000     0.00000     0.00000
    16.66078     2.49544    -4.31710 4.99823e-02     0.00000     0.00000     0.00000     0.00000
    17.34512     2.51507    -4.35107 5.20354e-02     0.00000     0.00000     0.00000     0.00000
    18.04147     2.53427    -4.38429 5.41244e-02     0.00000     0.00000     0.00000     0.00000
    18.75002     2.55306    -4.41680 5.62501e-02     0.00000     0.00000     0.00000     0.00000
    19.47093     2.57147    -4.44864 5.84128e-02     0.00000     0.00000     0.00000     0.00000
    20.20439     2.58950    -4.47984 6.06132e-02     0.00000     0.00000     0.00000     0.00000
    20.95057     2.60720    -4.51045 6.28517e-02     0.00000     0.00000     0.00000     0.00000
    21.70965     2.62456    -4.54048 6.51290e-02     0.00000     0.00000     0.00000     0.00000
    22.48182     2.64161    -4.56998 6.74455e-02     0.00000     0.00000     0.00000     0.00000
    23.26726     2.65836    -4.59896 6.98018e-02     0.00000     0.00000     0.00000     0.00000
    24.06617     2.67483    -4.62745 7.21985e-02     0.00000     0.00000     0.00000     0.00000
    24.87872     2.69102    -4.65547 7.46362e-02     0.00000     0.00000     0.00000     0.00000
    25.70512     2.70696    -4.68305 7.71154e-02     0.00000     0.00000     0.00000     0.00000
    26.54556     2.72266    -4.71020 7.96367e-02     0.00000     0.00000     0.00000     0.00000
    27.40023     2.73812    -4.73694 8.22007e-02     0.00000     0.00000     0.00000     0.00000
    28.26935     2.75335    -4.76329 8.48080e-02     0.00000     0.00000     0.00000     0.00000
    29.15310     2.76836    -4.78927 8.74593e-02     0.00000     0.00000     0.00000     0.00000
    30.05171     2.78317    -4.81489 9.01551e-02     0.00000     0.00000     0.00000     0.00000
    30.96537     2.79778    -4.84016 9.28961e-02     0.00000     0.00000     0.00000     0.00000
    31.89430     2.81220    -4.86511 9.56829e-02     0.00000     0.00000     0.00000     0.00000
    32.83872     2.82644    -4.88973 9.85161e-02     0.00000     0.00000     0.00000     0.00000
    33.79883     2.84049    -4.91405 1.01396e-01     0.00000     0.00000     0.00000     0.00000
    34.77486     2.85438    -4.93808 1.04325e-01     0.00000     0.00000     0.00000     0.00000
    35.76703     2.86810    -4.96182 1.07301e-01     0.00000     0.00000     0.00000     0.00000
    36.77556     2.88167    -4.98529 1.10327e-01     0.00000     0.00000     0.00000     0.00000
    37.80070     2.89508    -5.00849 1.13402e-01     0.00000     0.00000     0.00000     0.00000
    38.84265     2.90834    -5.03143 1.16528e-01     0.00000     0.00000     0.00000     0.00000
    39.90167     2.92146    -5.05413 1.19705e-01     0.00000     0.00000     0.00000     0.00000
    40.97798     2.93445    -5.07660 1.22934e-01     0.00000     0.00000     0.00000     0.00000
    42.07182     2.94730    -5.09883 1.26215e-01     0.00000     0.00000     0.00000     0.00000
    43.18345     2.96002    -5.12084 1.29550e-01     0.00000     0.00000     0.00000     0.00000
    44.31310     2.97262    -5.14263 1.32939e-01     0.00000     0.00000     0.00000     0.00000
    45.46103     2.98509    -5.16421 1.36383e-01     0.00000     0.00000     0.00000     0.00000
    46.62748     2.99745    -5.18559 1.39882e-01     0.00000     0.00000     0.00000     0.00000
    47.81272     3.00970    -5.20677 1.43438e-01     0.00000     0.00000     0.00000     0.00000
    49.01699     3.02183    -5.22777 1.47051e-01     0.00000     0.00000     0.00000     0.00000
    50.24058     3.03386    -5.24857 1.50722e-01     0.00000     0.00000     0.00000     0.00000
    51.48373     3.04578    -5.26920 1.54451e-01     0.00000     0.00000     0.00000     0.00000
    52.74672     3.05760    -5.28965 1.58240e-01     0.00000     0.00000     0.00000     0.00000
    54.02982     3.06933    -5.30994 1.62089e-01     0.00000     0.00000     0.00000     0.00000
    55.33331     3.08096    -5.33005 1.66000e-01     0.00000     0.00000     0.00000     0.00000
    56.65747     3.09249    -5.35001 1.69972e-01     0.00000     0.00000     0.00000     0.00000
    58.00258     3.10394    -5.36981 1.74008e-01     0.00000     0.00000     0.00000     0.00000
    59.36892     3.11530    -5.38946 1.78107e-01     0.00000     0.00000     0.00000     0.00000
    60.75679     3.12657    -5.40896 1.82270e-01     0.00000     0.00000     0.00000     0.00000
    62.16648     3.13776    -5.42832 1.86499e-01     0.00000     0.00000     0.00000     0.00000
    63.59829     3.14886    -5.44754 1.90795e-01     0.00000     0.00000     0.00000     0.00000
    65.05252     3.15989    -5.46661 1.95158e-01     0.00000     0.00000     0.00000     0.00000
    66.52947     3.17084    -5.48556 1.99588e-01     0.00000     0.00000     0.00000     0.00000
    68.02946     3.18172    -5.50438 2.04088e-01     0.00000     0.00000     0.00000     0.00000
    69.55279     3.19252    -5.52306 2.08658e-01     0.00000     0.00000     0.00000     0.00000
    71.09979     3.20325    -5.54163 2.13299e-01     0.00000     0.00000     0.00000     0.00000
    72.67077     3.21391    -5.56007 2.18012e-01     0.00000     0.00000     0.00000     0.00000
    74.26606     3.22451    -5.57840 2.22798e-01     0.00000     0.00000     0.00000     0.00000
    75.88599     3.23503    -5.59661 2.27658e-01     0.00000     0.00000     0.00000     0.00000
    77.53089     3.24549    -5.61470 2.32593e-01     0.00000     0.00000     0.00000     0.00000
    79.20110     3.25589    -5.63269 2.37603e-01     0.00000     0.00000     0.00000     0.00000
    80.89696     3.26623    -5.65057 2.42691e-01     0.00000     0.00000     0.00000     0.00000
    82.61882     3.27650    -5.66834 2.47856e-01     0.00000     0.00000     0.00000     0.00000
    84.36703     3.28671    -5.68601 2.53101e-01     0.00000     0.00000     0.00000     0.00000
    86.14194     3.29687    -5.70358 2.58426e-01     0.00000     0.00000     0.00000     0.00000
    87.94391     3.30697    -5.72105 2.63832e-01     0.00000     0.00000     0.00000     0.00000
    89.77331     3.31701    -5.73843 2.69320e-01     0.00000     0.00000     0.00000     0.00000
    91.63050     3.32700    -5.75571 2.74891e-01     0.00000     0.00000     0.00000     0.00000
    93.51585     3.33693    -5.77290 2.80548e-01     0.00000     0.00000     0.00000     0.00000
    95.42975     3.34682    -5.78999 2.86289e-01     0.00000     0.00000     0.00000     0.00000
    97.37258     3.35665    -5.80700 2.92118e-01     0.00000     0.00000     0.00000     0.00000
    99.34472     3.36643    -5.82392 2.98034e-01     0.00000     0.00000     0.00000     0.00000
   101.34657     3.37616    -5.84076 3.04040e-01     0.00000     0.00000     0.00000     0.00000
   103.37852     3.38585    -5.85751 3.10136e-01     0.00000     0.00000     0.00000     0.00000
   105.44097     3.39548    -5.87418 3.16323e-01     0.00000     0.00000     0.00000     0.00000
   107.53433     3.40507    -5.89077 3.22603e-01     0.00000     0.00000     0.00000     0.00000
   109.65902     3.41462    -5.90728 3.28977e-01     0.00000     0.00000     0.00000     0.00000
   111.81545     3.42411    -5.92372 3.35446e-01     0.00000     0.00000     0.00000     0.00000
   114.00404     3.43357    -5.94008 3.42012e-01     0.00000     0.00000     0.00000     0.00000
   116.22522     3.44298    -5.95636 3.48676e-01     0.00000     0.00000     0.00000     0.00000
   118.47942     3.45235    -5.97257 3.55438e-01     0.00000     0.00000     0.00000     0.00000
   120.76708     3.46168    -5.98871 3.62301e-01     0.00000     0.00000     0.00000     0.00000
   123.08865     3.47097    -6.00478 3.69266e-01     0.00000     0.00000     0.00000     0.00000
   125.44458     3.48022    -6.02078 3.76334e-01     0.00000     0.00000     0.00000     0.00000
   127.83531     3.48943    -6.03671 3.83506e-01     0.00000     0.00000     0.00000     0.00000
   130.26132     3.49860    -6.05258 3.90784e-01     0.00000     0.00000     0.00000     0.00000
   132.72306     3.50773    -6.06838 3.98169e-01     0.00000     0.00000     0.00000     0.00000
   135.22101     3.51683    -6.08411 4.05663e-01     0.00000     0.00000     0.00000     0.00000
   137.75565     3.52589    -6.09978 4.13267e-01     0.00000     0.00000     0.00000     0.00000
   140.32745     3.53491    -6.11539 4.20982e-01     0.00000     0.00000     0.00000     0.00000
   142.93692     3.54390    -6.13094 4.28811e-01     0.00000     0.00000     0.00000     0.00000
   145.58455     3.55285    -6.14643 4.36754e-01     0.00000     0.00000     0.00000     0.00000
   148.27083     3.56177    -6.16186 4.44812e-01     0.00000     0.00000     0.00000     0.00000
   150.99628     3.57065    -6.17723 4.52989e-01     0.00000     0.00000     0.00000     0.00000
   153.76141     3.57951    -6.19255 4.61284e-01     0.00000     0.00000     0.00000     0.00000
   156.56675     3.58833    -6.20780 4.69700e-01     0.00000     0.00000     0.00000     0.00000
   159.41281     3.59711    -6.22301 4.78238e-01     0.00000     0.00000     0.00000     0.00000
   162.30015     3.60587    -6.23815 4.86900e-01     0.00000     0.00000     0.00000     0.00000
   165.22928     3.61459    -6.25325 4.95688e-01     0.00000     0.00000     0.00000     0.00000
   168.20077     3.62329    -6.26829 5.04602e-01     0.00000     0.00000     0.00000     0.00000
   171.21517     3.63195    -6.28328 5.13645e-01     0.00000     0.00000     0.00000     0.00000
   174.27303     3.64059    -6.29822 5.22819e-01     0.00000     0.00000     0.00000     0.00000
   177.37493     3.64920    -6.31311 5.32125e-01     0.00000     0.00000     0.00000     0.00000
   180.52144     3.65777    -6.32795 5.41564e-01     0.00000     0.00000     0.00000     0.00000
   183.71314     3.66632    -6.34274 5.51139e-01     0.00000     0.00000     0.00000     0.00000
   186.95063     3.67484    -6.35748 5.60852e-01     0.00000     0.00000     0.00000     0.00000
   190.23449     3.68334    -6.37217 5.70703e-01     0.00000     0.00000     0.00000     0.00000
   193.56533     3.69180    -6.38682 5.80696e-01     0.00000     0.00000     0.00000     0.00000
   196.94377     3.70025    -6.40142 5.90831e-01     0.00000     0.00000     0.00000     0.00000
   200.37042     3.70866    -6.41598 6.01111e-01     0.00000     0.00000     0.00000     0.00000
   203.84591     3.71705    -6.43049 6.11538e-01     0.00000     0.00000     0.00000     0.00000
   207.37088     3.72541    -6.44496 6.22113e-01     0.00000     0.00000     0.00000     0.00000
   210.94595     3.73375    -6.45939 6.32838e-01     0.00000     0.00000     0.00000     0.00000
   214.57179     3.74206    -6.47377 6.43715e-01     0.00000     0.00000     0.00000     0.00000
   218.24906     3.75035    -6.48811 6.54747e-01     0.00000     0.00000     0.00000     0.00000
   221.97841     3.75862    -6.50241 6.65935e-01     0.00000     0.00000     0.00000     0.00000
   225.76052     3.76686    -6.51667 6.77282e-01     0.00000     0.00000     0.00000     0.00000
   229.59608     3.77508    -6.53088 6.88788e-01     0.00000     0.00000     0.00000     0.00000
   233.48577     3.78327    -6.54506 7.00457e-01     0.00000     0.00000     0.00000     0.00000
   237.43030     3.79144    -6.55920 7.12291e-01     0.00000     0.00000     0.00000     0.00000
   241.43037     3.79959    -6.57330 7.24291e-01     0.00000     0.00000     0.00000     0.00000
   245.48670     3.80772    -6.58736 7.36460e-01     0.00000     0.00000     0.00000     0.00000
   249.60001     3.81583    -6.60138 7.48800e-01     0.00000     0.00000     0.00000     0.00000
   253.77104     3.82391    -6.61537 7.61313e-01     0.00000     0.00000     0.00000     0.00000
   258.00053     3.83197    -6.62932 7.74002e-01     0.00000     0.00000     0.00000     0.00000
   262.28923     3.84002    -6.64323 7.86868e-01     0.00000     0.00000     0.00000     0.00000
   266.63791     3.84804    -6.65710 7.99914e-01     0.00000     0.00000     0.00000     0.00000
   271.04733     3.85604    -6.67095 8.13142e-01     0.00000     0.00000     0.00000     0.00000
   275.51827     3.86402    -6.68475 8.26555e-01     0.00000     0.00000     0.00000     0.00000
   280.05153     3.87198    -6.69853 8.40155e-01     0.00000     0.00000     0.00000     0.00000
   284.64791     3.87992    -6.71226 8.53944e-01     0.00000     0.00000     0.00000     0.00000
   289.30820     3.88784    -6.72597 8.67925e-01     0.00000     0.00000     0.00000     0.00000
   294.03324     3.89575    -6.73964 8.82100e-01     0.00000     0.00000     0.00000     0.00000
   298.82384     3.90363    -6.75328 8.96472e-01     0.00000     0.00000     0.00000     0.00000
   303.68086     3.91149    -6.76688 9.11043e-01     0.00000     0.00000     0.00000     0.00000
   308.60513     3.91934    -6.78046 9.25815e-01     0.00000     0.00000     0.00000     0.00000
   313.59752     3.92717    -6.79400 9.40793e-01     0.00000     0.00000     0.00000     0.00000
   318.65890     3.93498    -6.80751 9.55977e-01     0.00000     0.00000     0.00000     0.00000
   323.79015     3.94277    -6.82099 9.71370e-01     0.00000     0.00000     0.00000     0.00000
   328.99215     3.95055    -6.83444 9.86976e-01     0.00000     0.00000     0.00000     0.00000
   334.26582     3.95830    -6.84786 1.00280e+00     0.00000     0.00000     0.00000     0.00000
   339.61206     3.96604    -6.86126 1.01884e+00     0.00000     0.00000     0.00000     0.00000
   345.03179     3.97377    -6.87462 1.03510e+00     0.00000     0.00000     0.00000     0.00000
   350.52596     3.98147    -6.88795 1.05158e+00     0.00000     0.00000     0.00000     0.00000
   356.09552     3.98916    -6.90125 1.06829e+00     0.00000     0.00000     0.00000     0.00000
   361.74141     3.99684    -6.91453 1.08522e+00     0.00000     0.00000     0.00000     0.00000
   367.46460     4.00449    -6.92777 1.10239e+00     0.00000     0.00000     0.00000     0.00000
   373.26609     4.01213    -6.94099 1.11980e+00     0.00000     0.00000     0.00000     0.00000
   379.14686     4.01976    -6.95419 1.13744e+00     0.00000     0.00000     0.00000     0.00000
   385.10792     4.02737    -6.96735 1.15532e+00     0.00000     0.00000     0.00000     0.00000
   391.15029     4.03496    -6.98049 1.17345e+00     0.00000     0.00000     0.00000     0.00000
   397.27500     4.04254    -6.99360 1.19182e+00     0.00000     0.00000     0.00000     0.00000
   403.48308     4.05011    -7.00669 1.21045e+00     0.00000     0.00000     0.00000     0.00000
   409.77559     4.05766    -7.01974 1.22933e+00     0.00000     0.00000     0.00000     0.00000
   416.15361     4.06519    -7.03278 1.24846e+00     0.00000     0.00000     0.00000     0.00000
   422.61821     4.07271    -7.04579 1.26785e+00     0.00000     0.00000     0.00000     0.00000
   429.17049     4.08021    -7.05877 1.28751e+00     0.00000     0.00000     0.00000     0.00000
   435.81155     4.08770    -7.07173 1.30743e+00     0.00000     0.00000     0.00000     0.00000
   442.54252     4.09518    -7.08466 1.32763e+00     0.00000     0.00000     0.00000     0.00000
   449.36452     4.10264    -7.09757 1.34809e+00     0.00000     0.00000     0.00000     0.00000
   456.27871     4.11009    -7.11046 1.36884e+00     0.00000     0.00000     0.00000     0.00000
   463.28625     4.11753    -7.12332 1.38986e+00     0.00000     0.00000     0.00000     0.00000
   470.38831     4.12495    -7.13616 1.41116e+00     0.00000     0.00000     0.00000     0.00000
   477.58609     4.13236    -7.14898 1.43276e+00     0.00000     0.00000     0.00000     0.00000

       z    |    ug    |    vg    |    wfls    |    dqtdx    |    dqtdy    |    dqtdt    |    dthldt
#   2110
     0.25000     0.44697    -0.77326 7.50000e-04     0.00000     0.00000     0.00000     0.00000
     0.75000     0.98288    -1.70038 2.25000e-03     0.00000     0.00000     0.00000     0.00000
     1.25000     1.23206    -2.13147 3.75000e-03     0.00000     0.00000     0.00000     0.00000
     1.75000     1.39620    -2.41542 5.25000e-03     0.00000     0.00000     0.00000     0.00000
     2.25000     1.51879    -2.62750 6.75000e-03     0.00000     0.00000     0.00000     0.00000
     2.75000     1.61668    -2.79685 8.25000e-03     0.00000     0.00000     0.00000     0.00000
     3.25000     1.69817    -2.93783 9.75000e-03     0.00000     0.00000     0.00000     0.00000
     3.75000     1.76797    -3.05859 1.12500e-02     0.00000     0.00000     0.00000     0.00000
     4.25000     1.82903    -3.16422 1.27500e-02     0.00000     0.00000     0.00000     0.00000
     4.75000     1.88328    -3.25808 1.42500e-02     0.00000     0.00000     0.00000     0.00000
     5.25000     1.93210    -3.34254 1.57500e-02     0.00000     0.00000     0.00000     0.00000
     5.75000     1.97648    -3.41931 1.72500e-02     0.00000     0.00000     0.00000     0.00000
     6.25000     2.01715    -3.48968 1.87500e-02     0.00000     0.00000     0.00000     0.00000
     6.75000     2.05470    -3.55462 2.02500e-02     0.00000     0.00000     0.00000     0.00000
     7.25000     2.08955    -3.61493 2.17500e-02     0.00000     0.00000     0.00000     0.00000
     7.75000     2.12209    -3.67121 2.32500e-02     0.00000     0.00000     0.00000     0.00000
     8.25000     2.15258    -3.72397 2.47500e-02     0.00000     0.00000     0.00000     0.00000
     8.75000     2.18129    -3.77363 2.62500e-02     0.00000     0.00000     0.00000     0.00000
     9.25000     2.20839    -3.82052 2.77500e-02     0.00000     0.00000     0.00000     0.00000
     9.75000     2.23407    -3.86495 2.92500e-02     0.00000     0.00000     0.00000     0.00000
    10.25000     2.25847    -3.90715 3.07500e-02     0.00000     0.00000     0.00000     0.00000
    10.75000     2.28170    -3.94735 3.22500e-02     0.00000     0.00000     0.00000     0.00000
    11.25000     2.30388    -3.98571 3.37500e-02     0.00000     0.00000     0.00000     0.00000
    11.75000     2.32509    -4.02241 3.52500e-02     0.00000     0.00000     0.00000     0.00000
    12.25000     2.34542    -4.05758 3.67500e-02     0.00000     0.00000     0.00000     0.00000
    12.75000     2.36493    -4.09134 3.82500e-02     0.00000     0.00000     0.00000     0.00000
    13.25000     2.38370    -4.12380 3.97500e-02     0.00000     0.00000     0.00000     0.00000
    13.75000     2.40177    -4.15506 4.12500e-02     0.00000     0.00000     0.00000     0.00000
    14.25000     2.41919    -4.18520 4.27500e-02     0.00000     0.00000     0.00000     0.00000
    14.75000     2.43601    -4.21430 4.42500e-02     0.00000     0.00000     0.00000     0.00000
    15.32750     2.45475    -4.24671 4.59825e-02     0.00000     0.00000     0.00000     0.00000
    15.98830     2.47534    -4.28233 4.79649e-02     0.00000     0.00000     0.00000     0.00000
    16.66078     2.49544    -4.31710 4.99823e-02     0.00000     0.00000     0.00000     0.00000
    17.34512     2.51507    -4.35107 5.20354e-02     0.00000     0.00000     0.00000     0.00000
    18.04147     2.53427    -4.38429 5.41244e-02     0.00000     0.00000     0.00000     0.00000
    18.75002     2.55306    -4.41680 5.62501e-02     0.00000     0.00000     0.00000     0.00000
    19.47093     2.57147    -4.44864 5.84128e-02     0.00000     0.00000     0.00000     0.00000
    20.20439     2.58950    -4.47984 6.06132e-02     0.00000     0.00000     0.00000     0.00000
    20.95057     2.60720    -4.51045 6.28517e-02     0.00000     0.00000     0.00000     0.00000
    21.70965     2.62456    -4.54048 6.51290e-02     0.00000     0.00000     0.00000     0.00000
    22.48182     2.64161    -4.56998 6.74455e-02     0.00000     0.00000     0.00000     0.00000
    23.26726     2.65836    -4.59896 6.98018e-02     0.00000     0.00000     0.00000     0.00000
    24.06617     2.67483    -4.62745 7.21985e-02     0.00000     0.00000     0.00000     0.00000
    24.87872     2.69102    -4.65547 7.46362e-02     0.00000     0.00000     0.00000     0.00000
    25.70512     2.70696    -4.68305 7.71154e-02     0.00000     0.00000     0.00000     0.00000
    26.54556     2.72266    -4.71020 7.96367e-02     0.00000     0.00000     0.00000     0.00000
    27.40023     2.73812    -4.73694 8.22007e-02     0.00000     0.00000     0.00000     0.00000
    28.26935     2.75335    -4.76329 8.48080e-02     0.00000     0.00000     0.00000     0.00000
    29.15310     2.76836    -4.78927 8.74593e-02     0.00000     0.00000     0.00000     0.00000
    30.05171     2.78317    -4.81489 9.01551e-02     0.00000     0.00000     0.00000     0.00000
    30.96537     2.79778    -4.84016 9.28961e-02     0.00000     0.00000     0.00000     0.00000
    31.89430     2.81220    -4.86511 9.56829e-02     0.00000     0.00000     0.00000     0.00000
    32.83872     2.82644    -4.88973 9.85161e-02     0.00000     0.00000     0.00000     0.00000
    33.79883     2.84049    -4.91405 1.01396e-01     0.00000     0.00000     0.00000     0.00000
    34.77486     2.85438    -4.93808 1.04325e-01     0.00000     0.00000     0.00000     0.00000
    35.76703     2.86810    -4.96182 1.07301e-01     0.00000     0.00000     0.00000     0.00000
    36.77556     2.88167    -4.98529 1.10327e-01     0.00000     0.00000     0.00000     0.00000
    37.80070     2.89508    -5.00849 1.13402e-01     0.00000     0.00000     0.00000     0.00000
    38.84265     2.90834    -5.03143 1.16528e-01     0.00000     0.00000     0.00000     0.00000
    39.90167     2.92146    -5.05413 1.19705e-01     0.00000     0.00000     0.00000     0.00000
    40.97798     2.93445    -5.07660 1.22934e-01     0.00000     0.00000     0.00000     0.00000
    42.07182     2.94730    -5.09883 1.26215e-01     0.00000     0.00000     0.00000     0.00000
    43.18345     2.96002    -5.12084 1.29550e-01     0.00000     0.00000     0.00000     0.00000
    44.31310     2.97262    -5.14263 1.32939e-01     0.00000     0.00000     0.00000     0.00000
    45.46103     2.98509    -5.16421 1.36383e-01     0.00000     0.00000     0.00000     0.00000
    46.62748     2.99745    -5.18559 1.39882e-01     0.00000     0.00000     0.00000     0.00000
    47.81272     3.00970    -5.20677 1.43438e-01     0.00000     0.00000     0.00000     0.00000
    49.01699     3.02183    -5.22777 1.47051e-01     0.00000     0.00000     0.00000     0.00000
    50.24058     3.03386    -5.24857 1.50722e-01     0.00000     0.00000     0.00000     0.00000
    51.48373     3.04578    -5.26920 1.54451e-01     0.00000     0.00000     0.00000     0.00000
    52.74672     3.05760    -5.28965 1.58240e-01     0.00000     0.00000     0.00000     0.00000
    54.02982     3.06933    -5.30994 1.62089e-01     0.00000     0.00000     0.00000     0.00000
    55.33331     3.08096    -5.33005 1.66000e-01     0.00000     0.00000     0.00000     0.00000
    56.65747     3.09249    -5.35001 1.69972e-01     0.00000     0.00000     0.00000     0.00000
    58.00258     3.10394    -5.36981 1.74008e-01     0.00000     0.00000     0.00000     0.00000
    59.36892     3.11530    -5.38946 1.78107e-01     0.00000     0.00000     0.00000     0.00000
    60.75679     3.12657    -5.40896 1.82270e-01     0.00000     0.00000     0.00000     0.00000
    62.16648     3.13776    -5.42832 1.86499e-01     0.00000     0.00000     0.00000     0.00000
    63.59829     3.14886    -5.44754 1.90795e-01     0.00000     0.00000     0.00000     0.00000
    65.05252     3.15989    -5.46661 1.95158e-01     0.00000     0.00000     0.00000     0.00000
    66.52947     3.17084    -5.48556 1.99588e-01     0.00000     0.00000     0.00000     0.00000
    68.02946     3.18172    -5.50438 2.04088e-01     0.00000     0.00000     0.00000     0.00000
    69.55279     3.19252    -5.52306 2.08658e-01     0.00000     0.00000     0.00000     0.00000
    71.09979     3.20325    -5.54163 2.13299e-01     0.00000     0.00000     0.00000     0.00000
    72.67077     3.21391    -5.56007 2.18012e-01     0.00000     0.00000     0.00000     0.00000
    74.26606     3.22451    -5.57840 2.22798e-01     0.00000     0.00000     0.00000     0.00000
    75.88599     3.23503    -5.59661 2.27658e-01     0.00000     0.00000     0.00000     0.00000
    77.53089     3.24549    -5.61470 2.32593e-01     0.00000     0.00000     0.00000     0.00000
    79.20110     3.25589    -5.63269 2.37603e-01     0.00000     0.00000     0.00000     0.00000
    80.89696     3.26623    -5.65057 2.42691e-01     0.00000     0.00000     0.00000     0.00000
    82.61882     3.27650    -5.66834 2.47856e-01     0.00000     0.00000     0.00000     0.00000
    84.36703     3.28671    -5.68601 2.53101e-01     0.00000     0.00000     0.00000     0.00000
    86.14194     3.29687    -5.70358 2.58426e-01     0.00000     0.00000     0.00000     0.00000
    87.94391     3.30697    -5.72105 2.63832e-01     0.00000     0.00000     0.00000     0.00000
    89.77331     3.31701    -5.73843 2.69320e-01     0.00000     0.00000     0.00000     0.00000
    91.63050     3.32700    -5.75571 2.74891e-01     0.00000     0.00000     0.00000     0.00000
    93.51585     3.33693    -5.77290 2.80548e-01     0.00000     0.00000     0.00000     0.00000
    95.42975     3.34682    -5.78999 2.86289e-01     0.00000     0.00000     0.00000     0.00000
    97.37258     3.35665    -5.80700 2.92118e-01     0.00000     0.00000     0.00000     0.00000
    99.34472     3.36643    -5.82392 2.98034e-01     0.00000     0.00000     0.00000     0.00000
   101.34657     3.37616    -5.84076 3.04040e-01     0.00000     0.00000     0.00000     0.00000
   103.37852     3.38585    -5.85751 3.10136e-01     0.00000     0.00000     0.00000     0.00000
   105.44097     3.39548    -5.87418 3.16323e-01     0.00000     0.00000     0.00000     0.00000
   107.53433     3.40507    -5.89077 3.22603e-01     0.00000     0.00000     0.00000     0.00000
   109.65902     3.41462    -5.90728 3.28977e-01     0.00000     0.00000     0.00000     0.00000
   111.81545     3.42411    -5.92372 3.35446e-01     0.00000     0.00000     0.00000     0.00000
   114.00404     3.43357    -5.94008 3.42012e-01     0.00000     0.00000     0.00000     0.00000
   116.22522     3.44298    -5.95636 3.48676e-01     0.00000     0.00000     0.00000     0.00000
   118.47942     3.45235    -5.97257 3.55438e-01     0.00000     0.00000     0.00000     0.00000
   120.76708     3.46168    -5.98871 3.62301e-01     0.00000     0.00000     0.00000     0.00000
   123.08865     3.47097    -6.00478 3.69266e-01     0.00000     0.00000     0.00000     0.00000
   125.44458     3.48022    -6.02078 3.76334e-01     0.00000     0.00000     0.00000     0.00000
   127.83531     3.48943    -6.03671 3.83506e-01     0.00000     0.00000     0.00000     0.00000
   130.26132     3.49860    -6.05258 3.90784e-01     0.00000     0.00000     0.00000     0.00000
   132.72306     3.50773    -6.06838 3.98169e-01     0.00000     0.00000     0.00000     0.00000
   135.22101     3.51683    -6.08411 4.05663e-01     0.00000     0.00000     0.00000     0.00000
   137.75565     3.52589    -6.09978 4.13267e-01     0.00000     0.00000     0.00000     0.00000
   140.32745     3.53491    -6.11539 4.20982e-01     0.00000     0.00000     0.00000     0.00000
   142.93692     3.54390    -6.13094 4.28811e-01     0.00000     0.00000     0.00000     0.00000
   145.58455     3.55285    -6.14643 4.36754e-01     0.00000     0.00000     0.00000     0.00000
   148.27083     3.56177    -6.16186 4.44812e-01     0.00000     0.00000     0.00000     0.00000
   150.99628     3.57065    -6.17723 4.52989e-01     0.00000     0.00000     0.00000     0.00000
   153.76141     3.57951    -6.19255 4.61284e-01     0.00000     0.00000     0.00000     0.00000
   156.56675     3.58833    -6.20780 4.69700e-01     0.00000     0.00000     0.00000     0.00000
   159.41281     3.59711    -6.22301 4.78238e-01     0.00000     0.00000     0.00000     0.00000
   162.30015     3.60587    -6.23815 4.86900e-01     0.00000     0.00000     0.00000     0.00000
   165.22928     3.61459    -6.25325 4.95688e-01     0.00000     0.00000     0.00000     0.00000
   168.20077     3.62329    -6.26829 5.04602e-01     0.00000     0.00000     0.00000     0.00000
   171.21517     3.63195    -6.28328 5.13645e-01     0.00000     0.00000     0.00000     0.00000
   174.27303     3.64059    -6.29822 5.22819e-01     0.00000     0.00000     0.00000     0.00000
   177.37493     3.64920    -6.31311 5.32125e-01     0.00000     0.00000     0.00000     0.00000
   180.52144     3.65777    -6.32795 5.41564e-01     0.00000     0.00000     0.00000     0.00000
   183.71314     3.66632    -6.34274 5.51139e-01     0.00000     0.00000     0.00000     0.00000
   186.95063     3.67484    -6.35748 5.60852e-01     0.00000     0.00000     0.00000     0.00000
   190.23449     3.68334    -6.37217 5.70703e-01     0.00000     0.00000     0.00000     0.00000
   193.56533     3.69180    -6.38682 5.80696e-01     0.00000     0.00000     0.00000     0.00000
   196.94377     3.70025    -6.40142 5.90831e-01     0.00000     0.00000     0.00000     0.00000
   200.37042     3.70866    -6.41598 6.01111e-01     0.00000     0.00000     0.00000     0.00000
   203.84591     3.71705    -6.43049 6.11538e-01     0.00000     0.00000     0.00000     0.00000
   207.37088     3.72541    -6.44496 6.22113e-01     0.00000     0.00000     0.00000     0.00000
   210.94595     3.73375    -6.45939 6.32838e-01     0.00000     0.00000     0.00000     0.00000
   214.57179     3.74206    -6.47377 6.43715e-01     0.00000     0.00000     0.00000     0.00000
   218.24906     3.75035    -6.48811 6.54747e-01     0.00000     0.00000     0.00000     0.00000
   221.97841     3.75862    -6.50241 6.65935e-01     0.00000     0.00000     0.00000     0.00000
   225.76052     3.76686    -6.51667 6.77282e-01     0.00000     0.00000     0.00000     0.00000
   229.59608     3.77508    -6.53088 6.88788e-01     0.00000     0.00000     0.00000     0.00000
   233.48577     3.78327    -6.54506 7.00457e-01     0.00000     0.00000     0.00000     0.00000
   237.43030     3.79144    -6.55920 7.12291e-01     0.00000     0.00000     0.00000     0.00000
   241.43037     3.79959    -6.57330 7.24291e-01     0.00000     0.00000     0.00000     0.00000
   245.48670     3.80772    -6.58736 7.36460e-01     0.00000     0.00000     0.00000     0.00000
   249.60001     3.81583    -6.60138 7.48800e-01     0.00000     0.00000     0.00000     0.00000
   253.77104     3.82391    -6.61537 7.61313e-01     0.00000     0.00000     0.00000     0.00000
   258.00053     3.83197    -6.62932 7.74002e-01     0.00000     0.00000     0.00000     0.00000
   262.28923     3.84002    -6.64323 7.86868e-01     0.00000     0.00000     0.00000     0.00000
   266.63791     3.84804    -6.65710 7.99914e-01     0.00000     0.00000     0.00000     0.00000
   271.04733     3.85604    -6.67095 8.13142e-01     0.00000     0.00000     0.00000     0.00000
   275.51827     3.86402    -6.68475 8.26555e-01     0.00000     0.00000     0.00000     0.00000
   280.05153     3.87198    -6.69853 8.40155e-01     0.00000     0.00000     0.00000     0.00000
   284.64791     3.87992    -6.71226 8.53944e-01     0.00000     0.00000     0.00000     0.00000
   289.30820     3.88784    -6.72597 8.67925e-01     0.00000     0.00000     0.00000     0.00000
   294.03324     3.89575    -6.73964 8.82100e-01     0.00000     0.00000     0.00000     0.00000
   298.82384     3.90363    -6.75328 8.96472e-01     0.00000     0.00000     0.00000     0.00000
   303.68086     3.91149    -6.76688 9.11043e-01     0.00000     0.00000     0.00000     0.00000
   308.60513     3.91934    -6.78046 9.25815e-01     0.00000     0.00000     0.00000     0.00000
   313.59752     3.92717    -6.79400 9.40793e-01     0.00000     0.00000     0.00000     0.00000
   318.65890     3.93498    -6.80751 9.55977e-01     0.00000     0.00000     0.00000     0.00000
   323.79015     3.94277    -6.82099 9.71370e-01     0.00000     0.00000     0.00000     0.00000
   328.99215     3.95055    -6.83444 9.86976e-01     0.00000     0.00000     0.00000     0.00000
   334.26582     3.95830    -6.84786 1.00280e+00     0.00000     0.00000     0.00000     0.00000
   339.61206     3.96604    -6.86126 1.01884e+00     0.00000     0.00000     0.00000     0.00000
   345.03179     3.97377    -6.87462 1.03510e+00     0.00000     0.00000     0.00000     0.00000
   350.52596     3.98147    -6.88795 1.05158e+00     0.00000     0.00000     0.00000     0.00000
   356.09552     3.98916    -6.90125 1.06829e+00     0.00000     0.00000     0.00000     0.00000
   361.74141     3.99684    -6.91453 1.08522e+00     0.00000     0.00000     0.00000     0.00000
   367.46460     4.00449    -6.92777 1.10239e+00     0.00000     0.00000     0.00000     0.00000
   373.26609     4.01213    -6.94099 1.11980e+00     0.00000     0.00000     0.00000     0.00000
   379.14686     4.01976    -6.95419 1.13744e+00     0.00000     0.00000     0.00000     0.00000
   385.10792     4.02737    -6.96735 1.15532e+00     0.00000     0.00000     0.00000     0.00000
   391.15029     4.03496    -6.98049 1.17345e+00     0.00000     0.00000     0.00000     0.00000
   397.27500     4.04254    -6.99360 1.19182e+00     0.00000     0.00000     0.00000     0.00000
   403.48308     4.05011    -7.00669 1.21045e+00     0.00000     0.00000     0.00000     0.00000
   409.77559     4.05766    -7.01974 1.22933e+00     0.00000     0.00000     0.00000     0.00000
   416.15361     4.06519    -7.03278 1.24846e+00     0.00000     0.00000     0.00000     0.00000
   422.61821     4.07271    -7.04579 1.26785e+00     0.00000     0.00000     0.00000     0.00000
   429.17049     4.08021    -7.05877 1.28751e+00     0.00000     0.00000     0.00000     0.00000
   435.81155     4.08770    -7.07173 1.30743e+00     0.00000     0.00000     0.00000     0.00000
   442.54252     4.09518    -7.08466 1.32763e+00     0.00000     0.00000     0.00000     0.00000
   449.36452     4.10264    -7.09757 1.34809e+00     0.00000     0.00000     0.00000     0.00000
   456.27871     4.11009    -7.11046 1.36884e+00     0.00000     0.00000     0.00000     0.00000
   463.28625     4.11753    -7.12332 1.38986e+00     0.00000     0.00000     0.00000     0.00000
   470.38831     4.12495    -7.13616 1.41116e+00     0.00000     0.00000     0.00000     0.00000
   477.58609     4.13236    -7.14898 1.43276e+00     0.00000     0.00000     0.00000     0.00000

