# Input Profiles
       z     |     thl     |     qt     |     u     |     v     |     tke
      0.2500    293.0002      0.0000      0.2000     -0.3460      0.1500
      0.7500    293.0007      0.0000      0.2000     -0.3460      0.1500
      1.2500    293.0013      0.0000      0.2000     -0.3460      0.1500
      1.7500    293.0018      0.0000      0.2000     -0.3460      0.1500
      2.2500    293.0023      0.0000      0.2000     -0.3460      0.1500
      2.7500    293.0027      0.0000      0.2000     -0.3460      0.1500
      3.2500    293.0032      0.0000      0.2000     -0.3460      0.1500
      3.7500    293.0038      0.0000      0.2000     -0.3460      0.1500
      4.2500    293.0043      0.0000      0.2000     -0.3460      0.1500
      4.7500    293.0048      0.0000      0.2000     -0.3460      0.1500
      5.2500    293.0052      0.0000      0.2000     -0.3460      0.1500
      5.7500    293.0057      0.0000      0.2000     -0.3460      0.1500
      6.2500    293.0063      0.0000      0.2000     -0.3460      0.1500
      6.7500    293.0068      0.0000      0.2000     -0.3460      0.1500
      7.2500    293.0072      0.0000      0.2000     -0.3460      0.1500
      7.7500    293.0077      0.0000      0.2000     -0.3460      0.1500
      8.2500    293.0082      0.0000      0.2000     -0.3460      0.1500
      8.7500    293.0088      0.0000      0.2000     -0.3460      0.1500
      9.2500    293.0093      0.0000      0.2000     -0.3460      0.1500
      9.7500    293.0097      0.0000      0.2000     -0.3460      0.1500
     10.2500    293.0102      0.0000      0.2000     -0.3460      0.1500
     10.7500    293.0107      0.0000      0.2000     -0.3460      0.1500
     11.2500    293.0113      0.0000      0.2000     -0.3460      0.1500
     11.7500    293.0118      0.0000      0.2000     -0.3460      0.1500
     12.2500    293.0122      0.0000      0.2000     -0.3460      0.1500
     12.7500    293.0127      0.0000      0.2000     -0.3460      0.1500
     13.2500    293.0133      0.0000      0.2000     -0.3460      0.1500
     13.7500    293.0138      0.0000      0.2000     -0.3460      0.1500
     14.2500    293.0143      0.0000      0.2000     -0.3460      0.1500
     14.7500    293.0147      0.0000      0.2000     -0.3460      0.1500
     15.3275    293.0153      0.0000      0.2000     -0.3460      0.1500
     15.9883    293.0160      0.0000      0.2000     -0.3460      0.1500
     16.6608    293.0167      0.0000      0.2000     -0.3460      0.1500
     17.3451    293.0173      0.0000      0.2000     -0.3460      0.1500
     18.0415    293.0180      0.0000      0.2000     -0.3460      0.1500
     18.7500    293.0188      0.0000      0.2000     -0.3460      0.1500
     19.4709    293.0195      0.0000      0.2000     -0.3460      0.1500
     20.2044    293.0202      0.0000      0.2000     -0.3460      0.1500
     20.9506    293.0210      0.0000      0.2000     -0.3460      0.1500
     21.7097    293.0217      0.0000      0.2000     -0.3460      0.1500
     22.4818    293.0225      0.0000      0.2000     -0.3460      0.1500
     23.2673    293.0233      0.0000      0.2000     -0.3460      0.1500
     24.0662    293.0241      0.0000      0.2000     -0.3460      0.1500
     24.8787    293.0249      0.0000      0.2000     -0.3460      0.1500
     25.7051    293.0257      0.0000      0.2000     -0.3460      0.1500
     26.5456    293.0265      0.0000      0.2000     -0.3460      0.1500
     27.4002    293.0274      0.0000      0.2000     -0.3460      0.1500
     28.2693    293.0283      0.0000      0.2000     -0.3460      0.1500
     29.1531    293.0292      0.0000      0.2000     -0.3460      0.1500
     30.0517    293.0301      0.0000      0.2000     -0.3460      0.1500
     30.9654    293.0310      0.0000      0.2000     -0.3460      0.1500
     31.8943    293.0319      0.0000      0.2000     -0.3460      0.1500
     32.8387    293.0328      0.0000      0.2000     -0.3460      0.1500
     33.7988    293.0338      0.0000      0.2000     -0.3460      0.1500
     34.7749    293.0348      0.0000      0.2000     -0.3460      0.1500
     35.7670    293.0358      0.0000      0.2000     -0.3460      0.1500
     36.7756    293.0368      0.0000      0.2000     -0.3460      0.1500
     37.8007    293.0378      0.0000      0.2000     -0.3460      0.1500
     38.8427    293.0388      0.0000      0.2000     -0.3460      0.1500
     39.9017    293.0399      0.0000      0.2000     -0.3460      0.1500
     40.9780    293.0410      0.0000      0.2000     -0.3460      0.1500
     42.0718    293.0421      0.0000      0.2000     -0.3460      0.1500
     43.1834    293.0432      0.0000      0.2000     -0.3460      0.1500
     44.3131    293.0443      0.0000      0.2000     -0.3460      0.1500
     45.4610    293.0455      0.0000      0.2000     -0.3460      0.1500
     46.6275    293.0466      0.0000      0.2000     -0.3460      0.1500
     47.8127    293.0478      0.0000      0.2000     -0.3460      0.1500
     49.0170    293.0490      0.0000      0.2000     -0.3460      0.1500
     50.2406    293.0502      0.0000      0.2000     -0.3460      0.1500
     51.4837    293.0515      0.0000      0.2000     -0.3460      0.1500
     52.7467    293.0527      0.0000      0.2000     -0.3460      0.1500
     54.0298    293.0540      0.0000      0.2000     -0.3460      0.1500
     55.3333    293.0553      0.0000      0.2000     -0.3460      0.1500
     56.6575    293.0567      0.0000      0.2000     -0.3460      0.1500
     58.0026    293.0580      0.0000      0.2000     -0.3460      0.1500
     59.3689    293.0594      0.0000      0.2000     -0.3460      0.1500
     60.7568    293.0608      0.0000      0.2000     -0.3460      0.1500
     62.1665    293.0622      0.0000      0.2000     -0.3460      0.1500
     63.5983    293.0636      0.0000      0.2000     -0.3460      0.1500
     65.0525    293.0651      0.0000      0.2000     -0.3460      0.1500
     66.5295    293.0665      0.0000      0.2000     -0.3460      0.1500
     68.0295    293.0680      0.0000      0.2000     -0.3460      0.1500
     69.5528    293.0696      0.0000      0.2000     -0.3460      0.1500
     71.0998    293.0711      0.0000      0.2000     -0.3460      0.1500
     72.6708    293.0727      0.0000      0.2000     -0.3460      0.1500
     74.2661    293.0743      0.0000      0.2000     -0.3460      0.1500
     75.8860    293.0759      0.0000      0.2000     -0.3460      0.1500
     77.5309    293.0775      0.0000      0.2000     -0.3460      0.1500
     79.2011    293.0792      0.0000      0.2000     -0.3460      0.1500
     80.8970    293.0809      0.0000      0.2000     -0.3460      0.1500
     82.6188    293.0826      0.0000      0.2000     -0.3460      0.1500
     84.3670    293.0844      0.0000      0.2000     -0.3460      0.1500
     86.1419    293.0861      0.0000      0.2000     -0.3460      0.1500
     87.9439    293.0879      0.0000      0.2000     -0.3460      0.1500
     89.7733    293.0898      0.0000      0.2000     -0.3460      0.1500
     91.6305    293.0916      0.0000      0.2000     -0.3460      0.1500
     93.5159    293.0935      0.0000      0.2000     -0.3460      0.1500
     95.4298    293.0954      0.0000      0.2000     -0.3460      0.1500
     97.3726    293.0974      0.0000      0.2000     -0.3460      0.1500
     99.3447    293.0993      0.0000      0.2000     -0.3460      0.1500
    101.3466    293.1013      0.0000      0.2000     -0.3460      0.1500
    103.3785    293.1034      0.0000      0.2000     -0.3460      0.1500
    105.4410    293.1054      0.0000      0.2000     -0.3460      0.1500
    107.5343    293.1075      0.0000      0.2000     -0.3460      0.1500
    109.6590    293.1097      0.0000      0.2000     -0.3460      0.1500
    111.8154    293.1118      0.0000      0.2000     -0.3460      0.1500
    114.0040    293.1140      0.0000      0.2000     -0.3460      0.1500
    116.2252    293.1162      0.0000      0.2000     -0.3460      0.1500
    118.4794    293.1185      0.0000      0.2000     -0.3460      0.1500
    120.7671    293.1208      0.0000      0.2000     -0.3460      0.1500
    123.0887    293.1231      0.0000      0.2000     -0.3460      0.1500
    125.4446    293.1254      0.0000      0.2000     -0.3460      0.1500
    127.8353    293.1278      0.0000      0.2000     -0.3460      0.1500
    130.2613    293.1303      0.0000      0.2000     -0.3460      0.1500
    132.7231    293.1327      0.0000      0.2000     -0.3460      0.1500
    135.2210    293.1352      0.0000      0.2000     -0.3460      0.1500
    137.7556    293.1378      0.0000      0.2000     -0.3460      0.1500
    140.3275    293.1403      0.0000      0.2000     -0.3460      0.1500
    142.9369    293.1429      0.0000      0.2000     -0.3460      0.1500
    145.5845    293.1456      0.0000      0.2000     -0.3460      0.1500
    148.2708    293.1483      0.0000      0.2000     -0.3460      0.1500
    150.9963    293.1510      0.0000      0.2000     -0.3460      0.1500
    153.7614    293.1538      0.0000      0.2000     -0.3460      0.1500
    156.5667    293.1566      0.0000      0.2000     -0.3460      0.1500
    159.4128    293.1594      0.0000      0.2000     -0.3460      0.1500
    162.3001    293.1623      0.0000      0.2000     -0.3460      0.1500
    165.2293    293.1652      0.0000      0.2000     -0.3460      0.1500
    168.2008    293.1682      0.0000      0.2000     -0.3460      0.1500
    171.2152    293.1712      0.0000      0.2000     -0.3460      0.1500
    174.2730    293.1743      0.0000      0.2000     -0.3460      0.1500
    177.3749    293.1774      0.0000      0.2000     -0.3460      0.1500
    180.5214    293.1805      0.0000      0.2000     -0.3460      0.1500
    183.7131    293.1837      0.0000      0.2000     -0.3460      0.1500
    186.9506    293.1870      0.0000      0.2000     -0.3460      0.1500
    190.2345    293.1902      0.0000      0.2000     -0.3460      0.1500
    193.5653    293.1936      0.0000      0.2000     -0.3460      0.1500
    196.9438    293.1969      0.0000      0.2000     -0.3460      0.1500
    200.3704    293.2004      0.0000      0.2000     -0.3460      0.1500
    203.8459    293.2038      0.0000      0.2000     -0.3460      0.1500
    207.3709    293.2074      0.0000      0.2000     -0.3460      0.1500
    210.9460    293.2109      0.0000      0.2000     -0.3460      0.1500
    214.5718    293.2146      0.0000      0.2000     -0.3460      0.1500
    218.2491    293.2182      0.0000      0.2000     -0.3460      0.1500
    221.9784    293.2220      0.0000      0.2000     -0.3460      0.1500
    225.7605    293.2258      0.0000      0.2000     -0.3460      0.1500
    229.5961    293.2296      0.0000      0.2000     -0.3460      0.1500
    233.4858    293.2335      0.0000      0.2000     -0.3460      0.1500
    237.4303    293.2374      0.0000      0.2000     -0.3460      0.1500
    241.4304    293.2414      0.0000      0.2000     -0.3460      0.1500
    245.4867    293.2455      0.0000      0.2000     -0.3460      0.1500
    249.6000    293.2496      0.0000      0.2000     -0.3460      0.1500
    253.7710    293.2538      0.0000      0.2000     -0.3460      0.1500
    258.0005    293.2580      0.0000      0.2000     -0.3460      0.1500
    262.2892    293.2623      0.0000      0.2000     -0.3460      0.1500
    266.6379    293.2666      0.0000      0.2000     -0.3460      0.1500
    271.0473    293.2710      0.0000      0.2000     -0.3460      0.1500
    275.5183    293.2755      0.0000      0.2000     -0.3460      0.1500
    280.0515    293.2801      0.0000      0.2000     -0.3460      0.1500
    284.6479    293.2846      0.0000      0.2000     -0.3460      0.1500
    289.3082    293.2893      0.0000      0.2000     -0.3460      0.1500
    294.0332    293.2940      0.0000      0.2000     -0.3460      0.1500
    298.8238    293.2988      0.0000      0.2000     -0.3460      0.1500
    303.6809    293.3037      0.0000      0.2000     -0.3460      0.1500
    308.6051    293.3086      0.0000      0.2000     -0.3460      0.1500
    313.5975    293.3136      0.0000      0.2000     -0.3460      0.1500
    318.6589    293.3187      0.0000      0.2000     -0.3460      0.1500
    323.7901    293.3238      0.0000      0.2000     -0.3460      0.1500
    328.9921    293.3290      0.0000      0.2000     -0.3460      0.1500
    334.2658    293.3343      0.0000      0.2000     -0.3460      0.1500
    339.6121    293.3396      0.0000      0.2000     -0.3460      0.1500
    345.0318    293.3450      0.0000      0.2000     -0.3460      0.1500
    350.5260    293.3505      0.0000      0.2000     -0.3460      0.1500
    356.0955    293.3561      0.0000      0.2000     -0.3460      0.1500
    361.7414    293.3617      0.0000      0.2000     -0.3460      0.1500
    367.4646    293.3675      0.0000      0.2000     -0.3460      0.1500
    373.2661    293.3733      0.0000      0.2000     -0.3460      0.1500
    379.1469    293.3791      0.0000      0.2000     -0.3460      0.1500
    385.1079    293.3851      0.0000      0.2000     -0.3460      0.1500
    391.1503    293.3912      0.0000      0.2000     -0.3460      0.1500
    397.2750    293.3973      0.0000      0.2000     -0.3460      0.1500
    403.4831    293.4035      0.0000      0.2000     -0.3460      0.1500
    409.7756    293.4098      0.0000      0.2000     -0.3460      0.1500
    416.1536    293.4162      0.0000      0.2000     -0.3460      0.1500
    422.6182    293.4226      0.0000      0.2000     -0.3460      0.1500
    429.1705    293.4292      0.0000      0.2000     -0.3460      0.1500
    435.8116    293.4358      0.0000      0.2000     -0.3460      0.1500
    442.5425    293.4425      0.0000      0.2000     -0.3460      0.1500
    449.3645    293.4494      0.0000      0.2000     -0.3460      0.1500
    456.2787    293.4563      0.0000      0.2000     -0.3460      0.1500
    463.2863    293.4633      0.0000      0.2000     -0.3460      0.1500
    470.3883    293.4704      0.0000      0.2000     -0.3460      0.1500
    477.5861    293.4776      0.0000      0.2000     -0.3460      0.1500
