# EXPERIMENT: utrecht_lorenzo_v
      height(m)   ugeo(m/s) vgeo(m/s)  wfls(m/s)    not_used   not_used     dqtdtls(kg/kg/s)    dthldt(K/s)
      1.75000   0.100   5.200  0.000004   0.0   0.0   0.0   0.0
      5.25000   0.100   5.200  0.000011   0.0   0.0   0.0   0.0
      8.75000   0.100   5.200  0.000019   0.0   0.0   0.0   0.0
     12.25000   0.100   5.200  0.000027   0.0   0.0   0.0   0.0
     15.75000   0.100   5.200  0.000034   0.0   0.0   0.0   0.0
     19.25000   0.100   5.200  0.000042   0.0   0.0   0.0   0.0
     22.75000   0.100   5.200  0.000050   0.0   0.0   0.0   0.0
     26.25000   0.100   5.200  0.000057   0.0   0.0   0.0   0.0
     29.75000   0.100   5.200  0.000065   0.0   0.0   0.0   0.0
     33.25000   0.100   5.200  0.000073   0.0   0.0   0.0   0.0
     36.75000   0.100   5.200  0.000080   0.0   0.0   0.0   0.0
     40.25000   0.100   5.200  0.000088   0.0   0.0   0.0   0.0
     43.75000   0.100   5.200  0.000095   0.0   0.0   0.0   0.0
     47.25000   0.100   5.200  0.000103   0.0   0.0   0.0   0.0
     50.75000   0.100   5.200  0.000111   0.0   0.0   0.0   0.0
     54.25000   0.100   5.200  0.000118   0.0   0.0   0.0   0.0
     57.75000   0.100   5.200  0.000126   0.0   0.0   0.0   0.0
     61.25000   0.100   5.200  0.000134   0.0   0.0   0.0   0.0
     64.75000   0.100   5.200  0.000141   0.0   0.0   0.0   0.0
     68.25000   0.100   5.200  0.000149   0.0   0.0   0.0   0.0
     71.75000   0.100   5.200  0.000157   0.0   0.0   0.0   0.0
     75.25000   0.100   5.200  0.000164   0.0   0.0   0.0   0.0
     78.75000   0.100   5.200  0.000172   0.0   0.0   0.0   0.0
     82.25000   0.100   5.200  0.000179   0.0   0.0   0.0   0.0
     85.75000   0.100   5.200  0.000187   0.0   0.0   0.0   0.0
     89.25000   0.100   5.200  0.000195   0.0   0.0   0.0   0.0
     92.75000   0.100   5.200  0.000202   0.0   0.0   0.0   0.0
     96.25000   0.100   5.200  0.000210   0.0   0.0   0.0   0.0
     99.75000   0.100   5.200  0.000218   0.0   0.0   0.0   0.0
    103.25000   0.100   5.200  0.000225   0.0   0.0   0.0   0.0
    106.75000   0.100   5.200  0.000233   0.0   0.0   0.0   0.0
    110.25000   0.100   5.200  0.000241   0.0   0.0   0.0   0.0
    113.75000   0.100   5.200  0.000248   0.0   0.0   0.0   0.0
    117.25000   0.100   5.200  0.000256   0.0   0.0   0.0   0.0
    120.75000   0.100   5.200  0.000263   0.0   0.0   0.0   0.0
    124.25000   0.100   5.200  0.000271   0.0   0.0   0.0   0.0
    127.75000   0.100   5.200  0.000279   0.0   0.0   0.0   0.0
    131.25000   0.100   5.200  0.000286   0.0   0.0   0.0   0.0
    134.75000   0.100   5.200  0.000294   0.0   0.0   0.0   0.0
    138.25000   0.100   5.200  0.000302   0.0   0.0   0.0   0.0
    141.75000   0.100   5.200  0.000309   0.0   0.0   0.0   0.0
    145.25000   0.100   5.200  0.000317   0.0   0.0   0.0   0.0
    148.75000   0.100   5.200  0.000325   0.0   0.0   0.0   0.0
    152.25000   0.100   5.200  0.000332   0.0   0.0   0.0   0.0
    155.75000   0.100   5.200  0.000340   0.0   0.0   0.0   0.0
    159.25000   0.100   5.200  0.000347   0.0   0.0   0.0   0.0
    162.75000   0.100   5.200  0.000355   0.0   0.0   0.0   0.0
    166.25000   0.100   5.200  0.000363   0.0   0.0   0.0   0.0
    169.75000   0.100   5.200  0.000370   0.0   0.0   0.0   0.0
    173.25000   0.100   5.200  0.000378   0.0   0.0   0.0   0.0
    176.75000   0.100   5.200  0.000386   0.0   0.0   0.0   0.0
    180.25000   0.100   5.200  0.000393   0.0   0.0   0.0   0.0
    183.75000   0.100   5.200  0.000401   0.0   0.0   0.0   0.0
    187.25000   0.100   5.200  0.000409   0.0   0.0   0.0   0.0
    190.75000   0.100   5.200  0.000416   0.0   0.0   0.0   0.0
    194.25000   0.100   5.200  0.000424   0.0   0.0   0.0   0.0
    197.76400   0.100   5.200  0.000431   0.0   0.0   0.0   0.0
    201.30611   0.100   5.200  0.000439   0.0   0.0   0.0   0.0
    204.87656   0.100   5.200  0.000447   0.0   0.0   0.0   0.0
    208.47557   0.100   5.200  0.000455   0.0   0.0   0.0   0.0
    212.10338   0.100   5.200  0.000463   0.0   0.0   0.0   0.0
    215.76020   0.100   5.200  0.000471   0.0   0.0   0.0   0.0
    219.44629   0.100   5.200  0.000479   0.0   0.0   0.0   0.0
    223.16186   0.100   5.200  0.000487   0.0   0.0   0.0   0.0
    226.90715   0.100   5.200  0.000495   0.0   0.0   0.0   0.0
    230.68241   0.100   5.200  0.000503   0.0   0.0   0.0   0.0
    234.48787   0.100   5.200  0.000512   0.0   0.0   0.0   0.0
    238.32377   0.100   5.200  0.000520   0.0   0.0   0.0   0.0
    242.19036   0.100   5.200  0.000528   0.0   0.0   0.0   0.0
    246.08788   0.100   5.200  0.000537   0.0   0.0   0.0   0.0
    250.01659   0.100   5.200  0.000545   0.0   0.0   0.0   0.0
    253.97672   0.100   5.200  0.000554   0.0   0.0   0.0   0.0
    257.96853   0.100   5.200  0.000563   0.0   0.0   0.0   0.0
    261.99228   0.100   5.200  0.000572   0.0   0.0   0.0   0.0
    266.04822   0.100   5.200  0.000580   0.0   0.0   0.0   0.0
    270.13661   0.100   5.200  0.000589   0.0   0.0   0.0   0.0
    274.25770   0.100   5.200  0.000598   0.0   0.0   0.0   0.0
    278.41176   0.100   5.200  0.000607   0.0   0.0   0.0   0.0
    282.59905   0.100   5.200  0.000617   0.0   0.0   0.0   0.0
    286.81985   0.100   5.200  0.000626   0.0   0.0   0.0   0.0
    291.07441   0.100   5.200  0.000635   0.0   0.0   0.0   0.0
    295.36300   0.100   5.200  0.000644   0.0   0.0   0.0   0.0
    299.68591   0.100   5.200  0.000654   0.0   0.0   0.0   0.0
    304.04339   0.100   5.200  0.000663   0.0   0.0   0.0   0.0
    308.43574   0.100   5.200  0.000673   0.0   0.0   0.0   0.0
    312.86323   0.100   5.200  0.000683   0.0   0.0   0.0   0.0
    317.32613   0.100   5.200  0.000692   0.0   0.0   0.0   0.0
    321.82474   0.100   5.200  0.000702   0.0   0.0   0.0   0.0
    326.35934   0.100   5.200  0.000712   0.0   0.0   0.0   0.0
    330.93021   0.100   5.200  0.000722   0.0   0.0   0.0   0.0
    335.53765   0.100   5.200  0.000732   0.0   0.0   0.0   0.0
    340.18196   0.100   5.200  0.000742   0.0   0.0   0.0   0.0
    344.86341   0.100   5.200  0.000752   0.0   0.0   0.0   0.0
    349.58232   0.100   5.200  0.000763   0.0   0.0   0.0   0.0
    354.33898   0.100   5.200  0.000773   0.0   0.0   0.0   0.0
    359.13369   0.100   5.200  0.000784   0.0   0.0   0.0   0.0
    363.96676   0.100   5.200  0.000794   0.0   0.0   0.0   0.0
    368.83849   0.100   5.200  0.000805   0.0   0.0   0.0   0.0
    373.74920   0.100   5.200  0.000815   0.0   0.0   0.0   0.0
    378.69919   0.100   5.200  0.000826   0.0   0.0   0.0   0.0
    383.68879   0.100   5.200  0.000837   0.0   0.0   0.0   0.0
    388.71830   0.100   5.200  0.000848   0.0   0.0   0.0   0.0
    393.78804   0.100   5.200  0.000859   0.0   0.0   0.0   0.0
    398.89835   0.100   5.200  0.000870   0.0   0.0   0.0   0.0
    404.04954   0.100   5.200  0.000882   0.0   0.0   0.0   0.0
    409.24193   0.100   5.200  0.000893   0.0   0.0   0.0   0.0
    414.47587   0.100   5.200  0.000904   0.0   0.0   0.0   0.0
    419.75167   0.100   5.200  0.000916   0.0   0.0   0.0   0.0
    425.06969   0.100   5.200  0.000927   0.0   0.0   0.0   0.0
    430.43025   0.100   5.200  0.000939   0.0   0.0   0.0   0.0
    435.83369   0.100   5.200  0.000951   0.0   0.0   0.0   0.0
    441.28036   0.100   5.200  0.000963   0.0   0.0   0.0   0.0
    446.77060   0.100   5.200  0.000975   0.0   0.0   0.0   0.0
    452.30476   0.100   5.200  0.000987   0.0   0.0   0.0   0.0
    457.88320   0.100   5.200  0.000999   0.0   0.0   0.0   0.0
    463.50627   0.100   5.200  0.001011   0.0   0.0   0.0   0.0
    469.17432   0.100   5.200  0.001024   0.0   0.0   0.0   0.0
    474.88771   0.100   5.200  0.001036   0.0   0.0   0.0   0.0
    480.64681   0.100   5.200  0.001049   0.0   0.0   0.0   0.0
    486.45199   0.100   5.200  0.001061   0.0   0.0   0.0   0.0
    492.30360   0.100   5.200  0.001074   0.0   0.0   0.0   0.0
    498.20203   0.100   5.200  0.001087   0.0   0.0   0.0   0.0
    504.14765   0.100   5.200  0.001100   0.0   0.0   0.0   0.0
    510.14083   0.100   5.200  0.001113   0.0   0.0   0.0   0.0
    516.18196   0.100   5.200  0.001126   0.0   0.0   0.0   0.0
    522.27141   0.100   5.200  0.001139   0.0   0.0   0.0   0.0
    528.40958   0.100   5.200  0.001153   0.0   0.0   0.0   0.0
    534.59686   0.100   5.200  0.001166   0.0   0.0   0.0   0.0
    540.83364   0.100   5.200  0.001180   0.0   0.0   0.0   0.0
    547.12031   0.100   5.200  0.001194   0.0   0.0   0.0   0.0
    553.45727   0.100   5.200  0.001208   0.0   0.0   0.0   0.0
    559.84493   0.100   5.200  0.001221   0.0   0.0   0.0   0.0
    566.28369   0.100   5.200  0.001235   0.0   0.0   0.0   0.0
    572.77395   0.100   5.200  0.001250   0.0   0.0   0.0   0.0
    579.31615   0.100   5.200  0.001264   0.0   0.0   0.0   0.0
    585.91068   0.100   5.200  0.001278   0.0   0.0   0.0   0.0
    592.55796   0.100   5.200  0.001293   0.0   0.0   0.0   0.0
    599.25842   0.100   5.200  0.001307   0.0   0.0   0.0   0.0
    606.01249   0.100   5.200  0.001322   0.0   0.0   0.0   0.0
    612.82059   0.100   5.200  0.001337   0.0   0.0   0.0   0.0
    619.68316   0.100   5.200  0.001352   0.0   0.0   0.0   0.0
    626.60062   0.100   5.200  0.001367   0.0   0.0   0.0   0.0
    633.57343   0.100   5.200  0.001382   0.0   0.0   0.0   0.0
    640.60201   0.100   5.200  0.001398   0.0   0.0   0.0   0.0
    647.68683   0.100   5.200  0.001413   0.0   0.0   0.0   0.0
    654.82833   0.100   5.200  0.001429   0.0   0.0   0.0   0.0
    662.02695   0.100   5.200  0.001444   0.0   0.0   0.0   0.0
    669.28317   0.100   5.200  0.001460   0.0   0.0   0.0   0.0
    676.59743   0.100   5.200  0.001476   0.0   0.0   0.0   0.0
    683.97021   0.100   5.200  0.001492   0.0   0.0   0.0   0.0
    691.40197   0.100   5.200  0.001508   0.0   0.0   0.0   0.0
    698.89319   0.100   5.200  0.001525   0.0   0.0   0.0   0.0
    706.44434   0.100   5.200  0.001541   0.0   0.0   0.0   0.0
    714.05589   0.100   5.200  0.001558   0.0   0.0   0.0   0.0
    721.72834   0.100   5.200  0.001575   0.0   0.0   0.0   0.0
    729.46216   0.100   5.200  0.001592   0.0   0.0   0.0   0.0
    737.25786   0.100   5.200  0.001609   0.0   0.0   0.0   0.0
    745.11592   0.100   5.200  0.001626   0.0   0.0   0.0   0.0
    753.03685   0.100   5.200  0.001643   0.0   0.0   0.0   0.0
    761.02115   0.100   5.200  0.001660   0.0   0.0   0.0   0.0
    769.06932   0.100   5.200  0.001678   0.0   0.0   0.0   0.0
    777.18187   0.100   5.200  0.001696   0.0   0.0   0.0   0.0
    785.35932   0.100   5.200  0.001713   0.0   0.0   0.0   0.0
    793.60220   0.100   5.200  0.001731   0.0   0.0   0.0   0.0
    801.91102   0.100   5.200  0.001750   0.0   0.0   0.0   0.0
    810.28631   0.100   5.200  0.001768   0.0   0.0   0.0   0.0
    818.72860   0.100   5.200  0.001786   0.0   0.0   0.0   0.0
    827.23842   0.100   5.200  0.001805   0.0   0.0   0.0   0.0
    835.81633   0.100   5.200  0.001824   0.0   0.0   0.0   0.0
    844.46286   0.100   5.200  0.001842   0.0   0.0   0.0   0.0
    853.17857   0.100   5.200  0.001861   0.0   0.0   0.0   0.0
    861.96399   0.100   5.200  0.001881   0.0   0.0   0.0   0.0
    870.81971   0.100   5.200  0.001900   0.0   0.0   0.0   0.0
    879.74626   0.100   5.200  0.001919   0.0   0.0   0.0   0.0
    888.74423   0.100   5.200  0.001939   0.0   0.0   0.0   0.0
    897.81419   0.100   5.200  0.001959   0.0   0.0   0.0   0.0
    906.95670   0.100   5.200  0.001979   0.0   0.0   0.0   0.0
    916.17235   0.100   5.200  0.001999   0.0   0.0   0.0   0.0
    925.46173   0.100   5.200  0.002019   0.0   0.0   0.0   0.0
    934.82543   0.100   5.200  0.002040   0.0   0.0   0.0   0.0
    944.26403   0.100   5.200  0.002060   0.0   0.0   0.0   0.0
    953.77814   0.100   5.200  0.002081   0.0   0.0   0.0   0.0
    963.36837   0.100   5.200  0.002102   0.0   0.0   0.0   0.0
    973.03532   0.100   5.200  0.002123   0.0   0.0   0.0   0.0
    982.77960   0.100   5.200  0.002144   0.0   0.0   0.0   0.0
    992.60183   0.100   5.200  0.002166   0.0   0.0   0.0   0.0
   1002.50265   0.100   5.200  0.002187   0.0   0.0   0.0   0.0
   1012.48267   0.100   5.200  0.002209   0.0   0.0   0.0   0.0
   1022.54253   0.100   5.200  0.002231   0.0   0.0   0.0   0.0
   1032.68287   0.100   5.200  0.002253   0.0   0.0   0.0   0.0
   1042.90433   0.100   5.200  0.002275   0.0   0.0   0.0   0.0
   1053.20757   0.100   5.200  0.002298   0.0   0.0   0.0   0.0
   1063.59323   0.100   5.200  0.002321   0.0   0.0   0.0   0.0
   1074.06198   0.100   5.200  0.002343   0.0   0.0   0.0   0.0
   1084.61447   0.100   5.200  0.002366   0.0   0.0   0.0   0.0
   1095.25139   0.100   5.200  0.002390   0.0   0.0   0.0   0.0
   1105.97340   0.100   5.200  0.002413   0.0   0.0   0.0   0.0
   1116.78119   0.100   5.200  0.002437   0.0   0.0   0.0   0.0
   1127.67544   0.100   5.200  0.002460   0.0   0.0   0.0   0.0
   1138.65684   0.100   5.200  0.002484   0.0   0.0   0.0   0.0
   1149.72609   0.100   5.200  0.002508   0.0   0.0   0.0   0.0
   1160.88390   0.100   5.200  0.002533   0.0   0.0   0.0   0.0
   1172.13097   0.100   5.200  0.002557   0.0   0.0   0.0   0.0
   1183.46802   0.100   5.200  0.002582   0.0   0.0   0.0   0.0
   1194.89577   0.100   5.200  0.002607   0.0   0.0   0.0   0.0
   1206.41493   0.100   5.200  0.002632   0.0   0.0   0.0   0.0
   1218.02625   0.100   5.200  0.002657   0.0   0.0   0.0   0.0
   1229.73046   0.100   5.200  0.002683   0.0   0.0   0.0   0.0
   1241.52830   0.100   5.200  0.002709   0.0   0.0   0.0   0.0
   1253.42053   0.100   5.200  0.002735   0.0   0.0   0.0   0.0
   1265.40790   0.100   5.200  0.002761   0.0   0.0   0.0   0.0
   1277.49116   0.100   5.200  0.002787   0.0   0.0   0.0   0.0
   1289.67109   0.100   5.200  0.002814   0.0   0.0   0.0   0.0
   1301.94846   0.100   5.200  0.002841   0.0   0.0   0.0   0.0
   1314.32404   0.100   5.200  0.002868   0.0   0.0   0.0   0.0
   1326.79864   0.100   5.200  0.002895   0.0   0.0   0.0   0.0
   1339.37303   0.100   5.200  0.002922   0.0   0.0   0.0   0.0
   1352.04801   0.100   5.200  0.002950   0.0   0.0   0.0   0.0
   1364.82439   0.100   5.200  0.002978   0.0   0.0   0.0   0.0
   1377.70299   0.100   5.200  0.003006   0.0   0.0   0.0   0.0
   1390.68461   0.100   5.200  0.003034   0.0   0.0   0.0   0.0
   1403.77009   0.100   5.200  0.003063   0.0   0.0   0.0   0.0
   1416.96025   0.100   5.200  0.003091   0.0   0.0   0.0   0.0
   1430.25593   0.100   5.200  0.003120   0.0   0.0   0.0   0.0
   1443.65798   0.100   5.200  0.003150   0.0   0.0   0.0   0.0
   1457.16724   0.100   5.200  0.003179   0.0   0.0   0.0   0.0
   1470.78458   0.100   5.200  0.003209   0.0   0.0   0.0   0.0
   1484.51086   0.100   5.200  0.003239   0.0   0.0   0.0   0.0
   1498.34695   0.100   5.200  0.003269   0.0   0.0   0.0   0.0
   1512.29372   0.100   5.200  0.003299   0.0   0.0   0.0   0.0
   1526.35207   0.100   5.200  0.003330   0.0   0.0   0.0   0.0
   1540.52289   0.100   5.200  0.003361   0.0   0.0   0.0   0.0
   1554.80707   0.100   5.200  0.003392   0.0   0.0   0.0   0.0
   1569.20553   0.100   5.200  0.003424   0.0   0.0   0.0   0.0
   1583.71917   0.100   5.200  0.003455   0.0   0.0   0.0   0.0
   1598.34892   0.100   5.200  0.003487   0.0   0.0   0.0   0.0
   1613.09572   0.100   5.200  0.003519   0.0   0.0   0.0   0.0
   1627.96048   0.100   5.200  0.003552   0.0   0.0   0.0   0.0
   1642.94417   0.100   5.200  0.003585   0.0   0.0   0.0   0.0
   1658.04772   0.100   5.200  0.003617   0.0   0.0   0.0   0.0
   1673.27210   0.100   5.200  0.003651   0.0   0.0   0.0   0.0
   1688.61828   0.100   5.200  0.003684   0.0   0.0   0.0   0.0
   1704.08722   0.100   5.200  0.003718   0.0   0.0   0.0   0.0
   1719.67992   0.100   5.200  0.003752   0.0   0.0   0.0   0.0
   1735.39736   0.100   5.200  0.003786   0.0   0.0   0.0   0.0
   1751.24054   0.100   5.200  0.003821   0.0   0.0   0.0   0.0
   1767.21046   0.100   5.200  0.003856   0.0   0.0   0.0   0.0
   1783.30815   0.100   5.200  0.003891   0.0   0.0   0.0   0.0
   1799.53461   0.100   5.200  0.003926   0.0   0.0   0.0   0.0
   1815.89089   0.100   5.200  0.003962   0.0   0.0   0.0   0.0
   1832.37802   0.100   5.200  0.003998   0.0   0.0   0.0   0.0
   1848.99704   0.100   5.200  0.004034   0.0   0.0   0.0   0.0
   1865.74902   0.100   5.200  0.004071   0.0   0.0   0.0   0.0
   1882.63501   0.100   5.200  0.004107   0.0   0.0   0.0   0.0
   1899.65609   0.100   5.200  0.004145   0.0   0.0   0.0   0.0
   1916.81334   0.100   5.200  0.004182   0.0   0.0   0.0   0.0
