# EXPERIMENT: utrecht_lorenzo_v
      height(m)   thl(K)     qt(kg/kg)       u(m/s)     v(m/s)     tke(m2/s2)
      1.75000      291.953   0.00000000      0.10000      5.20000      0.10000
      5.25000      291.953   0.00000000      0.10000      5.20000      0.10000
      8.75000      291.953   0.00000000      0.10000      5.20000      0.10000
     12.25000      291.953   0.00000000      0.10000      5.20000      0.10000
     15.75000      291.953   0.00000000      0.10000      5.20000      0.10000
     19.25000      291.953   0.00000000      0.10000      5.20000      0.10000
     22.75000      291.953   0.00000000      0.10000      5.20000      0.10000
     26.25000      291.953   0.00000000      0.10000      5.20000      0.10000
     29.75000      291.953   0.00000000      0.10000      5.20000      0.10000
     33.25000      291.953   0.00000000      0.10000      5.20000      0.10000
     36.75000      291.953   0.00000000      0.10000      5.20000      0.10000
     40.25000      291.953   0.00000000      0.10000      5.20000      0.10000
     43.75000      291.953   0.00000000      0.10000      5.20000      0.10000
     47.25000      291.953   0.00000000      0.10000      5.20000      0.10000
     50.75000      291.953   0.00000000      0.10000      5.20000      0.10000
     54.25000      291.953   0.00000000      0.10000      5.20000      0.10000
     57.75000      291.953   0.00000000      0.10000      5.20000      0.10000
     61.25000      291.953   0.00000000      0.10000      5.20000      0.10000
     64.75000      291.953   0.00000000      0.10000      5.20000      0.10000
     68.25000      291.953   0.00000000      0.10000      5.20000      0.10000
     71.75000      291.953   0.00000000      0.10000      5.20000      0.10000
     75.25000      291.953   0.00000000      0.10000      5.20000      0.10000
     78.75000      291.953   0.00000000      0.10000      5.20000      0.10000
     82.25000      291.953   0.00000000      0.10000      5.20000      0.10000
     85.75000      291.953   0.00000000      0.10000      5.20000      0.10000
     89.25000      291.953   0.00000000      0.10000      5.20000      0.10000
     92.75000      291.953   0.00000000      0.10000      5.20000      0.10000
     96.25000      291.953   0.00000000      0.10000      5.20000      0.10000
     99.75000      291.953   0.00000000      0.10000      5.20000      0.10000
    103.25000      291.953   0.00000000      0.10000      5.20000      0.10000
    106.75000      291.953   0.00000000      0.10000      5.20000      0.10000
    110.25000      291.953   0.00000000      0.10000      5.20000      0.10000
    113.75000      291.953   0.00000000      0.10000      5.20000      0.10000
    117.25000      291.953   0.00000000      0.10000      5.20000      0.10000
    120.75000      291.953   0.00000000      0.10000      5.20000      0.10000
    124.25000      291.953   0.00000000      0.10000      5.20000      0.10000
    127.75000      291.953   0.00000000      0.10000      5.20000      0.10000
    131.25000      291.953   0.00000000      0.10000      5.20000      0.10000
    134.75000      291.953   0.00000000      0.10000      5.20000      0.10000
    138.25000      291.953   0.00000000      0.10000      5.20000      0.10000
    141.75000      291.953   0.00000000      0.10000      5.20000      0.10000
    145.25000      291.953   0.00000000      0.10000      5.20000      0.10000
    148.75000      291.953   0.00000000      0.10000      5.20000      0.10000
    152.25000      291.953   0.00000000      0.10000      5.20000      0.10000
    155.75000      291.953   0.00000000      0.10000      5.20000      0.10000
    159.25000      291.953   0.00000000      0.10000      5.20000      0.10000
    162.75000      291.953   0.00000000      0.10000      5.20000      0.10000
    166.25000      291.953   0.00000000      0.10000      5.20000      0.10000
    169.75000      291.953   0.00000000      0.10000      5.20000      0.10000
    173.25000      291.953   0.00000000      0.10000      5.20000      0.10000
    176.75000      291.953   0.00000000      0.10000      5.20000      0.10000
    180.25000      291.953   0.00000000      0.10000      5.20000      0.10000
    183.75000      291.953   0.00000000      0.10000      5.20000      0.10000
    187.25000      291.953   0.00000000      0.10000      5.20000      0.10000
    190.75000      291.953   0.00000000      0.10000      5.20000      0.10000
    194.25000      291.953   0.00000000      0.10000      5.20000      0.10000
    197.76400      291.953   0.00000000      0.10000      5.20000      0.10000
    201.30611      291.953   0.00000000      0.10000      5.20000      0.10000
    204.87656      291.953   0.00000000      0.10000      5.20000      0.10000
    208.47557      291.953   0.00000000      0.10000      5.20000      0.10000
    212.10338      291.953   0.00000000      0.10000      5.20000      0.10000
    215.76020      291.953   0.00000000      0.10000      5.20000      0.10000
    219.44629      291.953   0.00000000      0.10000      5.20000      0.10000
    223.16186      291.953   0.00000000      0.10000      5.20000      0.10000
    226.90715      291.953   0.00000000      0.10000      5.20000      0.10000
    230.68241      291.953   0.00000000      0.10000      5.20000      0.10000
    234.48787      291.953   0.00000000      0.10000      5.20000      0.10000
    238.32377      291.953   0.00000000      0.10000      5.20000      0.10000
    242.19036      291.953   0.00000000      0.10000      5.20000      0.10000
    246.08788      291.953   0.00000000      0.10000      5.20000      0.10000
    250.01659      291.953   0.00000000      0.10000      5.20000      0.10000
    253.97672      291.953   0.00000000      0.10000      5.20000      0.10000
    257.96853      291.953   0.00000000      0.10000      5.20000      0.10000
    261.99228      291.953   0.00000000      0.10000      5.20000      0.10000
    266.04822      291.953   0.00000000      0.10000      5.20000      0.10000
    270.13661      291.953   0.00000000      0.10000      5.20000      0.10000
    274.25770      291.953   0.00000000      0.10000      5.20000      0.10000
    278.41176      291.953   0.00000000      0.10000      5.20000      0.10000
    282.59905      291.953   0.00000000      0.10000      5.20000      0.10000
    286.81985      291.953   0.00000000      0.10000      5.20000      0.10000
    291.07441      291.953   0.00000000      0.10000      5.20000      0.10000
    295.36300      291.953   0.00000000      0.10000      5.20000      0.10000
    299.68591      291.953   0.00000000      0.10000      5.20000      0.10000
    304.04339      291.953   0.00000000      0.10000      5.20000      0.10000
    308.43574      291.953   0.00000000      0.10000      5.20000      0.10000
    312.86323      291.953   0.00000000      0.10000      5.20000      0.10000
    317.32613      291.953   0.00000000      0.10000      5.20000      0.10000
    321.82474      291.953   0.00000000      0.10000      5.20000      0.10000
    326.35934      291.953   0.00000000      0.10000      5.20000      0.10000
    330.93021      291.953   0.00000000      0.10000      5.20000      0.10000
    335.53765      291.953   0.00000000      0.10000      5.20000      0.10000
    340.18196      291.953   0.00000000      0.10000      5.20000      0.10000
    344.86341      291.953   0.00000000      0.10000      5.20000      0.10000
    349.58232      291.953   0.00000000      0.10000      5.20000      0.10000
    354.33898      291.953   0.00000000      0.10000      5.20000      0.10000
    359.13369      291.953   0.00000000      0.10000      5.20000      0.10000
    363.96676      291.953   0.00000000      0.10000      5.20000      0.10000
    368.83849      291.953   0.00000000      0.10000      5.20000      0.10000
    373.74920      291.953   0.00000000      0.10000      5.20000      0.10000
    378.69919      291.953   0.00000000      0.10000      5.20000      0.10000
    383.68879      291.953   0.00000000      0.10000      5.20000      0.10000
    388.71830      291.953   0.00000000      0.10000      5.20000      0.10000
    393.78804      291.953   0.00000000      0.10000      5.20000      0.10000
    398.89835      291.953   0.00000000      0.10000      5.20000      0.10000
    404.04954      291.953   0.00000000      0.10000      5.20000      0.10000
    409.24193      291.953   0.00000000      0.10000      5.20000      0.10000
    414.47587      291.953   0.00000000      0.10000      5.20000      0.10000
    419.75167      291.953   0.00000000      0.10000      5.20000      0.10000
    425.06969      291.953   0.00000000      0.10000      5.20000      0.10000
    430.43025      291.953   0.00000000      0.10000      5.20000      0.10000
    435.83369      291.953   0.00000000      0.10000      5.20000      0.10000
    441.28036      291.953   0.00000000      0.10000      5.20000      0.10000
    446.77060      291.953   0.00000000      0.10000      5.20000      0.10000
    452.30476      291.953   0.00000000      0.10000      5.20000      0.10000
    457.88320      291.953   0.00000000      0.10000      5.20000      0.10000
    463.50627      291.953   0.00000000      0.10000      5.20000      0.10000
    469.17432      291.953   0.00000000      0.10000      5.20000      0.10000
    474.88771      291.953   0.00000000      0.10000      5.20000      0.10000
    480.64681      291.953   0.00000000      0.10000      5.20000      0.10000
    486.45199      291.953   0.00000000      0.10000      5.20000      0.10000
    492.30360      291.953   0.00000000      0.10000      5.20000      0.10000
    498.20203      291.953   0.00000000      0.10000      5.20000      0.10000
    504.14765      291.953   0.00000000      0.10000      5.20000      0.10000
    510.14083      291.953   0.00000000      0.10000      5.20000      0.10000
    516.18196      291.953   0.00000000      0.10000      5.20000      0.10000
    522.27141      291.953   0.00000000      0.10000      5.20000      0.10000
    528.40958      291.953   0.00000000      0.10000      5.20000      0.10000
    534.59686      291.953   0.00000000      0.10000      5.20000      0.10000
    540.83364      291.953   0.00000000      0.10000      5.20000      0.10000
    547.12031      291.953   0.00000000      0.10000      5.20000      0.10000
    553.45727      291.953   0.00000000      0.10000      5.20000      0.10000
    559.84493      291.953   0.00000000      0.10000      5.20000      0.10000
    566.28369      291.953   0.00000000      0.10000      5.20000      0.10000
    572.77395      291.953   0.00000000      0.10000      5.20000      0.10000
    579.31615      291.953   0.00000000      0.10000      5.20000      0.10000
    585.91068      291.953   0.00000000      0.10000      5.20000      0.10000
    592.55796      291.953   0.00000000      0.10000      5.20000      0.10000
    599.25842      291.953   0.00000000      0.10000      5.20000      0.10000
    606.01249      291.953   0.00000000      0.10000      5.20000      0.10000
    612.82059      291.953   0.00000000      0.10000      5.20000      0.10000
    619.68316      291.953   0.00000000      0.10000      5.20000      0.10000
    626.60062      291.953   0.00000000      0.10000      5.20000      0.10000
    633.57343      291.953   0.00000000      0.10000      5.20000      0.10000
    640.60201      291.953   0.00000000      0.10000      5.20000      0.10000
    647.68683      291.953   0.00000000      0.10000      5.20000      0.10000
    654.82833      291.953   0.00000000      0.10000      5.20000      0.10000
    662.02695      291.953   0.00000000      0.10000      5.20000      0.10000
    669.28317      291.953   0.00000000      0.10000      5.20000      0.10000
    676.59743      291.953   0.00000000      0.10000      5.20000      0.10000
    683.97021      291.953   0.00000000      0.10000      5.20000      0.10000
    691.40197      291.953   0.00000000      0.10000      5.20000      0.10000
    698.89319      291.953   0.00000000      0.10000      5.20000      0.10000
    706.44434      291.953   0.00000000      0.10000      5.20000      0.10000
    714.05589      291.953   0.00000000      0.10000      5.20000      0.10000
    721.72834      291.953   0.00000000      0.10000      5.20000      0.10000
    729.46216      291.953   0.00000000      0.10000      5.20000      0.10000
    737.25786      291.953   0.00000000      0.10000      5.20000      0.10000
    745.11592      291.953   0.00000000      0.10000      5.20000      0.10000
    753.03685      291.953   0.00000000      0.10000      5.20000      0.10000
    761.02115      291.953   0.00000000      0.10000      5.20000      0.10000
    769.06932      291.953   0.00000000      0.10000      5.20000      0.10000
    777.18187      291.953   0.00000000      0.10000      5.20000      0.10000
    785.35932      291.953   0.00000000      0.10000      5.20000      0.10000
    793.60220      291.953   0.00000000      0.10000      5.20000      0.10000
    801.91102      291.953   0.00000000      0.10000      5.20000      0.10000
    810.28631      291.953   0.00000000      0.10000      5.20000      0.10000
    818.72860      291.953   0.00000000      0.10000      5.20000      0.10000
    827.23842      291.953   0.00000000      0.10000      5.20000      0.10000
    835.81633      291.953   0.00000000      0.10000      5.20000      0.10000
    844.46286      291.953   0.00000000      0.10000      5.20000      0.10000
    853.17857      291.953   0.00000000      0.10000      5.20000      0.10000
    861.96399      291.953   0.00000000      0.10000      5.20000      0.10000
    870.81971      291.953   0.00000000      0.10000      5.20000      0.10000
    879.74626      291.953   0.00000000      0.10000      5.20000      0.10000
    888.74423      291.953   0.00000000      0.10000      5.20000      0.10000
    897.81419      291.953   0.00000000      0.10000      5.20000      0.10000
    906.95670      291.953   0.00000000      0.10000      5.20000      0.10000
    916.17235      291.953   0.00000000      0.10000      5.20000      0.10000
    925.46173      291.953   0.00000000      0.10000      5.20000      0.10000
    934.82543      291.953   0.00000000      0.10000      5.20000      0.10000
    944.26403      291.953   0.00000000      0.10000      5.20000      0.10000
    953.77814      291.953   0.00000000      0.10000      5.20000      0.10000
    963.36837      291.953   0.00000000      0.10000      5.20000      0.10000
    973.03532      291.953   0.00000000      0.10000      5.20000      0.10000
    982.77960      291.953   0.00000000      0.10000      5.20000      0.10000
    992.60183      291.953   0.00000000      0.10000      5.20000      0.10000
   1002.50265      291.953   0.00000000      0.10000      5.20000      0.10000
   1012.48267      291.953   0.00000000      0.10000      5.20000      0.10000
   1022.54253      291.953   0.00000000      0.10000      5.20000      0.10000
   1032.68287      291.953   0.00000000      0.10000      5.20000      0.10000
   1042.90433      291.953   0.00000000      0.10000      5.20000      0.10000
   1053.20757      291.953   0.00000000      0.10000      5.20000      0.10000
   1063.59323      291.953   0.00000000      0.10000      5.20000      0.10000
   1074.06198      291.953   0.00000000      0.10000      5.20000      0.10000
   1084.61447      291.953   0.00000000      0.10000      5.20000      0.10000
   1095.25139      291.953   0.00000000      0.10000      5.20000      0.10000
   1105.97340      291.953   0.00000000      0.10000      5.20000      0.10000
   1116.78119      291.953   0.00000000      0.10000      5.20000      0.10000
   1127.67544      291.953   0.00000000      0.10000      5.20000      0.10000
   1138.65684      291.953   0.00000000      0.10000      5.20000      0.10000
   1149.72609      291.953   0.00000000      0.10000      5.20000      0.10000
   1160.88390      292.288   0.00000000      0.10000      5.20000      0.10000
   1172.13097      292.626   0.00000000      0.10000      5.20000      0.10000
   1183.46802      292.966   0.00000000      0.10000      5.20000      0.10000
   1194.89577      293.309   0.00000000      0.10000      5.20000      0.10000
   1206.41493      293.654   0.00000000      0.10000      5.20000      0.10000
   1218.02625      294.002   0.00000000      0.10000      5.20000      0.10000
   1229.73046      294.354   0.00000000      0.10000      5.20000      0.10000
   1241.52830      294.708   0.00000000      0.10000      5.20000      0.10000
   1253.42053      295.064   0.00000000      0.10000      5.20000      0.10000
   1265.40790      295.424   0.00000000      0.10000      5.20000      0.10000
   1277.49116      295.786   0.00000000      0.10000      5.20000      0.10000
   1289.67109      296.152   0.00000000      0.10000      5.20000      0.10000
   1301.94846      296.520   0.00000000      0.10000      5.20000      0.10000
   1314.32404      296.891   0.00000000      0.10000      5.20000      0.10000
   1326.79864      297.266   0.00000000      0.10000      5.20000      0.10000
   1339.37303      297.643   0.00000000      0.10000      5.20000      0.10000
   1352.04801      298.023   0.00000000      0.10000      5.20000      0.10000
   1364.82439      298.406   0.00000000      0.10000      5.20000      0.10000
   1377.70299      298.793   0.00000000      0.10000      5.20000      0.10000
   1390.68461      299.182   0.00000000      0.10000      5.20000      0.10000
   1403.77009      299.575   0.00000000      0.10000      5.20000      0.10000
   1416.96025      299.970   0.00000000      0.10000      5.20000      0.10000
   1430.25593      300.369   0.00000000      0.10000      5.20000      0.10000
   1443.65798      300.771   0.00000000      0.10000      5.20000      0.10000
   1457.16724      301.177   0.00000000      0.10000      5.20000      0.10000
   1470.78458      301.585   0.00000000      0.10000      5.20000      0.10000
   1484.51086      301.997   0.00000000      0.10000      5.20000      0.10000
   1498.34695      302.412   0.00000000      0.10000      5.20000      0.10000
   1512.29372      302.830   0.00000000      0.10000      5.20000      0.10000
   1526.35207      303.252   0.00000000      0.10000      5.20000      0.10000
   1540.52289      303.677   0.00000000      0.10000      5.20000      0.10000
   1554.80707      304.106   0.00000000      0.10000      5.20000      0.10000
   1569.20553      304.538   0.00000000      0.10000      5.20000      0.10000
   1583.71917      304.973   0.00000000      0.10000      5.20000      0.10000
   1598.34892      305.412   0.00000000      0.10000      5.20000      0.10000
   1613.09572      305.855   0.00000000      0.10000      5.20000      0.10000
   1627.96048      306.300   0.00000000      0.10000      5.20000      0.10000
   1642.94417      306.750   0.00000000      0.10000      5.20000      0.10000
   1658.04772      307.203   0.00000000      0.10000      5.20000      0.10000
   1673.27210      307.660   0.00000000      0.10000      5.20000      0.10000
   1688.61828      308.120   0.00000000      0.10000      5.20000      0.10000
   1704.08722      308.584   0.00000000      0.10000      5.20000      0.10000
   1719.67992      309.052   0.00000000      0.10000      5.20000      0.10000
   1735.39736      309.524   0.00000000      0.10000      5.20000      0.10000
   1751.24054      309.999   0.00000000      0.10000      5.20000      0.10000
   1767.21046      310.478   0.00000000      0.10000      5.20000      0.10000
   1783.30815      310.961   0.00000000      0.10000      5.20000      0.10000
   1799.53461      311.448   0.00000000      0.10000      5.20000      0.10000
   1815.89089      311.938   0.00000000      0.10000      5.20000      0.10000
   1832.37802      312.433   0.00000000      0.10000      5.20000      0.10000
   1848.99704      312.932   0.00000000      0.10000      5.20000      0.10000
   1865.74902      313.434   0.00000000      0.10000      5.20000      0.10000
   1882.63501      313.941   0.00000000      0.10000      5.20000      0.10000
   1899.65609      314.451   0.00000000      0.10000      5.20000      0.10000
   1916.81334      314.966   0.00000000      0.10000      5.20000      0.10000
