# Large scale fluxes
      time     |     wtsurf     |     wqsurf     |     thlsurf     |     qtsurf     |     psurf

 0.00000e+00     0.00000     0.00000   293.00000     0.00000 1.00000e+06
 9.00000e+02     0.00000     0.00000   292.50000     0.00000 1.00000e+06
 2.11000e+03     0.00000     0.00000   290.00000     0.00000 1.00000e+06

Large Scale Forcing Terms
       z    |    ug    |    vg    |    wfls    |    dqtdx    |    dqtdy    |    dqtdt    |    dthldt
#   0
     0.25000     0.89394     0.00000 7.50000e-04     0.00000     0.00000     0.00000     0.00000
     0.75000     1.96576     0.00000 2.25000e-03     0.00000     0.00000     0.00000     0.00000
     1.25000     2.46413     0.00000 3.75000e-03     0.00000     0.00000     0.00000     0.00000
     1.75000     2.79239     0.00000 5.25000e-03     0.00000     0.00000     0.00000     0.00000
     2.25000     3.03758     0.00000 6.75000e-03     0.00000     0.00000     0.00000     0.00000
     2.75000     3.23335     0.00000 8.25000e-03     0.00000     0.00000     0.00000     0.00000
     3.25000     3.39633     0.00000 9.75000e-03     0.00000     0.00000     0.00000     0.00000
     3.75000     3.53594     0.00000 1.12500e-02     0.00000     0.00000     0.00000     0.00000
     4.25000     3.65805     0.00000 1.27500e-02     0.00000     0.00000     0.00000     0.00000
     4.75000     3.76657     0.00000 1.42500e-02     0.00000     0.00000     0.00000     0.00000
     5.25000     3.86421     0.00000 1.57500e-02     0.00000     0.00000     0.00000     0.00000
     5.75000     3.95296     0.00000 1.72500e-02     0.00000     0.00000     0.00000     0.00000
     6.25000     4.03431     0.00000 1.87500e-02     0.00000     0.00000     0.00000     0.00000
     6.75000     4.10939     0.00000 2.02500e-02     0.00000     0.00000     0.00000     0.00000
     7.25000     4.17911     0.00000 2.17500e-02     0.00000     0.00000     0.00000     0.00000
     7.75000     4.24417     0.00000 2.32500e-02     0.00000     0.00000     0.00000     0.00000
     8.25000     4.30517     0.00000 2.47500e-02     0.00000     0.00000     0.00000     0.00000
     8.75000     4.36257     0.00000 2.62500e-02     0.00000     0.00000     0.00000     0.00000
     9.25000     4.41679     0.00000 2.77500e-02     0.00000     0.00000     0.00000     0.00000
     9.75000     4.46815     0.00000 2.92500e-02     0.00000     0.00000     0.00000     0.00000
    10.25000     4.51694     0.00000 3.07500e-02     0.00000     0.00000     0.00000     0.00000
    10.75000     4.56341     0.00000 3.22500e-02     0.00000     0.00000     0.00000     0.00000
    11.25000     4.60776     0.00000 3.37500e-02     0.00000     0.00000     0.00000     0.00000
    11.75000     4.65018     0.00000 3.52500e-02     0.00000     0.00000     0.00000     0.00000
    12.25000     4.69084     0.00000 3.67500e-02     0.00000     0.00000     0.00000     0.00000
    12.75000     4.72987     0.00000 3.82500e-02     0.00000     0.00000     0.00000     0.00000
    13.25000     4.76740     0.00000 3.97500e-02     0.00000     0.00000     0.00000     0.00000
    13.75000     4.80354     0.00000 4.12500e-02     0.00000     0.00000     0.00000     0.00000
    14.25000     4.83838     0.00000 4.27500e-02     0.00000     0.00000     0.00000     0.00000
    14.75000     4.87203     0.00000 4.42500e-02     0.00000     0.00000     0.00000     0.00000
    15.32750     4.90950     0.00000 4.59825e-02     0.00000     0.00000     0.00000     0.00000
    15.98830     4.95068     0.00000 4.79649e-02     0.00000     0.00000     0.00000     0.00000
    16.66078     4.99087     0.00000 4.99823e-02     0.00000     0.00000     0.00000     0.00000
    17.34512     5.03014     0.00000 5.20354e-02     0.00000     0.00000     0.00000     0.00000
    18.04147     5.06854     0.00000 5.41244e-02     0.00000     0.00000     0.00000     0.00000
    18.75002     5.10613     0.00000 5.62501e-02     0.00000     0.00000     0.00000     0.00000
    19.47093     5.14293     0.00000 5.84128e-02     0.00000     0.00000     0.00000     0.00000
    20.20439     5.17901     0.00000 6.06132e-02     0.00000     0.00000     0.00000     0.00000
    20.95057     5.21439     0.00000 6.28517e-02     0.00000     0.00000     0.00000     0.00000
    21.70965     5.24911     0.00000 6.51290e-02     0.00000     0.00000     0.00000     0.00000
    22.48182     5.28321     0.00000 6.74455e-02     0.00000     0.00000     0.00000     0.00000
    23.26726     5.31671     0.00000 6.98018e-02     0.00000     0.00000     0.00000     0.00000
    24.06617     5.34965     0.00000 7.21985e-02     0.00000     0.00000     0.00000     0.00000
    24.87872     5.38205     0.00000 7.46362e-02     0.00000     0.00000     0.00000     0.00000
    25.70512     5.41393     0.00000 7.71154e-02     0.00000     0.00000     0.00000     0.00000
    26.54556     5.44531     0.00000 7.96367e-02     0.00000     0.00000     0.00000     0.00000
    27.40023     5.47623     0.00000 8.22007e-02     0.00000     0.00000     0.00000     0.00000
    28.26935     5.50670     0.00000 8.48080e-02     0.00000     0.00000     0.00000     0.00000
    29.15310     5.53673     0.00000 8.74593e-02     0.00000     0.00000     0.00000     0.00000
    30.05171     5.56635     0.00000 9.01551e-02     0.00000     0.00000     0.00000     0.00000
    30.96537     5.59557     0.00000 9.28961e-02     0.00000     0.00000     0.00000     0.00000
    31.89430     5.62440     0.00000 9.56829e-02     0.00000     0.00000     0.00000     0.00000
    32.83872     5.65287     0.00000 9.85161e-02     0.00000     0.00000     0.00000     0.00000
    33.79883     5.68099     0.00000 1.01396e-01     0.00000     0.00000     0.00000     0.00000
    34.77486     5.70876     0.00000 1.04325e-01     0.00000     0.00000     0.00000     0.00000
    35.76703     5.73621     0.00000 1.07301e-01     0.00000     0.00000     0.00000     0.00000
    36.77556     5.76334     0.00000 1.10327e-01     0.00000     0.00000     0.00000     0.00000
    37.80070     5.79016     0.00000 1.13402e-01     0.00000     0.00000     0.00000     0.00000
    38.84265     5.81669     0.00000 1.16528e-01     0.00000     0.00000     0.00000     0.00000
    39.90167     5.84293     0.00000 1.19705e-01     0.00000     0.00000     0.00000     0.00000
    40.97798     5.86890     0.00000 1.22934e-01     0.00000     0.00000     0.00000     0.00000
    42.07182     5.89460     0.00000 1.26215e-01     0.00000     0.00000     0.00000     0.00000
    43.18345     5.92004     0.00000 1.29550e-01     0.00000     0.00000     0.00000     0.00000
    44.31310     5.94523     0.00000 1.32939e-01     0.00000     0.00000     0.00000     0.00000
    45.46103     5.97019     0.00000 1.36383e-01     0.00000     0.00000     0.00000     0.00000
    46.62748     5.99490     0.00000 1.39882e-01     0.00000     0.00000     0.00000     0.00000
    47.81272     6.01939     0.00000 1.43438e-01     0.00000     0.00000     0.00000     0.00000
    49.01699     6.04366     0.00000 1.47051e-01     0.00000     0.00000     0.00000     0.00000
    50.24058     6.06772     0.00000 1.50722e-01     0.00000     0.00000     0.00000     0.00000
    51.48373     6.09156     0.00000 1.54451e-01     0.00000     0.00000     0.00000     0.00000
    52.74672     6.11521     0.00000 1.58240e-01     0.00000     0.00000     0.00000     0.00000
    54.02982     6.13865     0.00000 1.62089e-01     0.00000     0.00000     0.00000     0.00000
    55.33331     6.16191     0.00000 1.66000e-01     0.00000     0.00000     0.00000     0.00000
    56.65747     6.18498     0.00000 1.69972e-01     0.00000     0.00000     0.00000     0.00000
    58.00258     6.20788     0.00000 1.74008e-01     0.00000     0.00000     0.00000     0.00000
    59.36892     6.23059     0.00000 1.78107e-01     0.00000     0.00000     0.00000     0.00000
    60.75679     6.25314     0.00000 1.82270e-01     0.00000     0.00000     0.00000     0.00000
    62.16648     6.27551     0.00000 1.86499e-01     0.00000     0.00000     0.00000     0.00000
    63.59829     6.29773     0.00000 1.90795e-01     0.00000     0.00000     0.00000     0.00000
    65.05252     6.31979     0.00000 1.95158e-01     0.00000     0.00000     0.00000     0.00000
    66.52947     6.34169     0.00000 1.99588e-01     0.00000     0.00000     0.00000     0.00000
    68.02946     6.36344     0.00000 2.04088e-01     0.00000     0.00000     0.00000     0.00000
    69.55279     6.38504     0.00000 2.08658e-01     0.00000     0.00000     0.00000     0.00000
    71.09979     6.40651     0.00000 2.13299e-01     0.00000     0.00000     0.00000     0.00000
    72.67077     6.42783     0.00000 2.18012e-01     0.00000     0.00000     0.00000     0.00000
    74.26606     6.44901     0.00000 2.22798e-01     0.00000     0.00000     0.00000     0.00000
    75.88599     6.47007     0.00000 2.27658e-01     0.00000     0.00000     0.00000     0.00000
    77.53089     6.49099     0.00000 2.32593e-01     0.00000     0.00000     0.00000     0.00000
    79.20110     6.51178     0.00000 2.37603e-01     0.00000     0.00000     0.00000     0.00000
    80.89696     6.53245     0.00000 2.42691e-01     0.00000     0.00000     0.00000     0.00000
    82.61882     6.55300     0.00000 2.47856e-01     0.00000     0.00000     0.00000     0.00000
    84.36703     6.57343     0.00000 2.53101e-01     0.00000     0.00000     0.00000     0.00000
    86.14194     6.59374     0.00000 2.58426e-01     0.00000     0.00000     0.00000     0.00000
    87.94391     6.61394     0.00000 2.63832e-01     0.00000     0.00000     0.00000     0.00000
    89.77331     6.63402     0.00000 2.69320e-01     0.00000     0.00000     0.00000     0.00000
    91.63050     6.65400     0.00000 2.74891e-01     0.00000     0.00000     0.00000     0.00000
    93.51585     6.67387     0.00000 2.80548e-01     0.00000     0.00000     0.00000     0.00000
    95.42975     6.69363     0.00000 2.86289e-01     0.00000     0.00000     0.00000     0.00000
    97.37258     6.71330     0.00000 2.92118e-01     0.00000     0.00000     0.00000     0.00000
    99.34472     6.73286     0.00000 2.98034e-01     0.00000     0.00000     0.00000     0.00000
   101.34657     6.75232     0.00000 3.04040e-01     0.00000     0.00000     0.00000     0.00000
   103.37852     6.77169     0.00000 3.10136e-01     0.00000     0.00000     0.00000     0.00000
   105.44097     6.79096     0.00000 3.16323e-01     0.00000     0.00000     0.00000     0.00000
   107.53433     6.81014     0.00000 3.22603e-01     0.00000     0.00000     0.00000     0.00000
   109.65902     6.82923     0.00000 3.28977e-01     0.00000     0.00000     0.00000     0.00000
   111.81545     6.84823     0.00000 3.35446e-01     0.00000     0.00000     0.00000     0.00000
   114.00404     6.86714     0.00000 3.42012e-01     0.00000     0.00000     0.00000     0.00000
   116.22522     6.88597     0.00000 3.48676e-01     0.00000     0.00000     0.00000     0.00000
   118.47942     6.90471     0.00000 3.55438e-01     0.00000     0.00000     0.00000     0.00000
   120.76708     6.92336     0.00000 3.62301e-01     0.00000     0.00000     0.00000     0.00000
   123.08865     6.94194     0.00000 3.69266e-01     0.00000     0.00000     0.00000     0.00000
   125.44458     6.96044     0.00000 3.76334e-01     0.00000     0.00000     0.00000     0.00000
   127.83531     6.97886     0.00000 3.83506e-01     0.00000     0.00000     0.00000     0.00000
   130.26132     6.99720     0.00000 3.90784e-01     0.00000     0.00000     0.00000     0.00000
   132.72306     7.01546     0.00000 3.98169e-01     0.00000     0.00000     0.00000     0.00000
   135.22101     7.03365     0.00000 4.05663e-01     0.00000     0.00000     0.00000     0.00000
   137.75565     7.05177     0.00000 4.13267e-01     0.00000     0.00000     0.00000     0.00000
   140.32745     7.06982     0.00000 4.20982e-01     0.00000     0.00000     0.00000     0.00000
   142.93692     7.08779     0.00000 4.28811e-01     0.00000     0.00000     0.00000     0.00000
   145.58455     7.10570     0.00000 4.36754e-01     0.00000     0.00000     0.00000     0.00000
   148.27083     7.12354     0.00000 4.44812e-01     0.00000     0.00000     0.00000     0.00000
   150.99628     7.14131     0.00000 4.52989e-01     0.00000     0.00000     0.00000     0.00000
   153.76141     7.15901     0.00000 4.61284e-01     0.00000     0.00000     0.00000     0.00000
   156.56675     7.17665     0.00000 4.69700e-01     0.00000     0.00000     0.00000     0.00000
   159.41281     7.19423     0.00000 4.78238e-01     0.00000     0.00000     0.00000     0.00000
   162.30015     7.21174     0.00000 4.86900e-01     0.00000     0.00000     0.00000     0.00000
   165.22928     7.22919     0.00000 4.95688e-01     0.00000     0.00000     0.00000     0.00000
   168.20077     7.24658     0.00000 5.04602e-01     0.00000     0.00000     0.00000     0.00000
   171.21517     7.26391     0.00000 5.13645e-01     0.00000     0.00000     0.00000     0.00000
   174.27303     7.28118     0.00000 5.22819e-01     0.00000     0.00000     0.00000     0.00000
   177.37493     7.29839     0.00000 5.32125e-01     0.00000     0.00000     0.00000     0.00000
   180.52144     7.31555     0.00000 5.41564e-01     0.00000     0.00000     0.00000     0.00000
   183.71314     7.33264     0.00000 5.51139e-01     0.00000     0.00000     0.00000     0.00000
   186.95063     7.34969     0.00000 5.60852e-01     0.00000     0.00000     0.00000     0.00000
   190.23449     7.36668     0.00000 5.70703e-01     0.00000     0.00000     0.00000     0.00000
   193.56533     7.38361     0.00000 5.80696e-01     0.00000     0.00000     0.00000     0.00000
   196.94377     7.40049     0.00000 5.90831e-01     0.00000     0.00000     0.00000     0.00000
   200.37042     7.41732     0.00000 6.01111e-01     0.00000     0.00000     0.00000     0.00000
   203.84591     7.43410     0.00000 6.11538e-01     0.00000     0.00000     0.00000     0.00000
   207.37088     7.45082     0.00000 6.22113e-01     0.00000     0.00000     0.00000     0.00000
   210.94595     7.46750     0.00000 6.32838e-01     0.00000     0.00000     0.00000     0.00000
   214.57179     7.48413     0.00000 6.43715e-01     0.00000     0.00000     0.00000     0.00000
   218.24906     7.50070     0.00000 6.54747e-01     0.00000     0.00000     0.00000     0.00000
   221.97841     7.51723     0.00000 6.65935e-01     0.00000     0.00000     0.00000     0.00000
   225.76052     7.53372     0.00000 6.77282e-01     0.00000     0.00000     0.00000     0.00000
   229.59608     7.55015     0.00000 6.88788e-01     0.00000     0.00000     0.00000     0.00000
   233.48577     7.56654     0.00000 7.00457e-01     0.00000     0.00000     0.00000     0.00000
   237.43030     7.58289     0.00000 7.12291e-01     0.00000     0.00000     0.00000     0.00000
   241.43037     7.59919     0.00000 7.24291e-01     0.00000     0.00000     0.00000     0.00000
   245.48670     7.61544     0.00000 7.36460e-01     0.00000     0.00000     0.00000     0.00000
   249.60001     7.63165     0.00000 7.48800e-01     0.00000     0.00000     0.00000     0.00000
   253.77104     7.64782     0.00000 7.61313e-01     0.00000     0.00000     0.00000     0.00000
   258.00053     7.66395     0.00000 7.74002e-01     0.00000     0.00000     0.00000     0.00000
   262.28923     7.68003     0.00000 7.86868e-01     0.00000     0.00000     0.00000     0.00000
   266.63791     7.69607     0.00000 7.99914e-01     0.00000     0.00000     0.00000     0.00000
   271.04733     7.71208     0.00000 8.13142e-01     0.00000     0.00000     0.00000     0.00000
   275.51827     7.72804     0.00000 8.26555e-01     0.00000     0.00000     0.00000     0.00000
   280.05153     7.74396     0.00000 8.40155e-01     0.00000     0.00000     0.00000     0.00000
   284.64791     7.75984     0.00000 8.53944e-01     0.00000     0.00000     0.00000     0.00000
   289.30820     7.77569     0.00000 8.67925e-01     0.00000     0.00000     0.00000     0.00000
   294.03324     7.79149     0.00000 8.82100e-01     0.00000     0.00000     0.00000     0.00000
   298.82384     7.80726     0.00000 8.96472e-01     0.00000     0.00000     0.00000     0.00000
   303.68086     7.82299     0.00000 9.11043e-01     0.00000     0.00000     0.00000     0.00000
   308.60513     7.83868     0.00000 9.25815e-01     0.00000     0.00000     0.00000     0.00000
   313.59752     7.85434     0.00000 9.40793e-01     0.00000     0.00000     0.00000     0.00000
   318.65890     7.86996     0.00000 9.55977e-01     0.00000     0.00000     0.00000     0.00000
   323.79015     7.88554     0.00000 9.71370e-01     0.00000     0.00000     0.00000     0.00000
   328.99215     7.90109     0.00000 9.86976e-01     0.00000     0.00000     0.00000     0.00000
   334.26582     7.91661     0.00000 1.00280e+00     0.00000     0.00000     0.00000     0.00000
   339.61206     7.93209     0.00000 1.01884e+00     0.00000     0.00000     0.00000     0.00000
   345.03179     7.94753     0.00000 1.03510e+00     0.00000     0.00000     0.00000     0.00000
   350.52596     7.96295     0.00000 1.05158e+00     0.00000     0.00000     0.00000     0.00000
   356.09552     7.97833     0.00000 1.06829e+00     0.00000     0.00000     0.00000     0.00000
   361.74141     7.99367     0.00000 1.08522e+00     0.00000     0.00000     0.00000     0.00000
   367.46460     8.00899     0.00000 1.10239e+00     0.00000     0.00000     0.00000     0.00000
   373.26609     8.02427     0.00000 1.11980e+00     0.00000     0.00000     0.00000     0.00000
   379.14686     8.03952     0.00000 1.13744e+00     0.00000     0.00000     0.00000     0.00000
   385.10792     8.05474     0.00000 1.15532e+00     0.00000     0.00000     0.00000     0.00000
   391.15029     8.06993     0.00000 1.17345e+00     0.00000     0.00000     0.00000     0.00000
   397.27500     8.08509     0.00000 1.19182e+00     0.00000     0.00000     0.00000     0.00000
   403.48308     8.10021     0.00000 1.21045e+00     0.00000     0.00000     0.00000     0.00000
   409.77559     8.11531     0.00000 1.22933e+00     0.00000     0.00000     0.00000     0.00000
   416.15361     8.13038     0.00000 1.24846e+00     0.00000     0.00000     0.00000     0.00000
   422.61821     8.14542     0.00000 1.26785e+00     0.00000     0.00000     0.00000     0.00000
   429.17049     8.16043     0.00000 1.28751e+00     0.00000     0.00000     0.00000     0.00000
   435.81155     8.17541     0.00000 1.30743e+00     0.00000     0.00000     0.00000     0.00000
   442.54252     8.19036     0.00000 1.32763e+00     0.00000     0.00000     0.00000     0.00000
   449.36452     8.20529     0.00000 1.34809e+00     0.00000     0.00000     0.00000     0.00000
   456.27871     8.22018     0.00000 1.36884e+00     0.00000     0.00000     0.00000     0.00000
   463.28625     8.23505     0.00000 1.38986e+00     0.00000     0.00000     0.00000     0.00000
   470.38831     8.24990     0.00000 1.41116e+00     0.00000     0.00000     0.00000     0.00000
   477.58609     8.26471     0.00000 1.43276e+00     0.00000     0.00000     0.00000     0.00000

       z    |    ug    |    vg    |    wfls    |    dqtdx    |    dqtdy    |    dqtdt    |    dthldt
#   900
     0.25000     0.89394     0.00000 7.50000e-04     0.00000     0.00000     0.00000     0.00000
     0.75000     1.96576     0.00000 2.25000e-03     0.00000     0.00000     0.00000     0.00000
     1.25000     2.46413     0.00000 3.75000e-03     0.00000     0.00000     0.00000     0.00000
     1.75000     2.79239     0.00000 5.25000e-03     0.00000     0.00000     0.00000     0.00000
     2.25000     3.03758     0.00000 6.75000e-03     0.00000     0.00000     0.00000     0.00000
     2.75000     3.23335     0.00000 8.25000e-03     0.00000     0.00000     0.00000     0.00000
     3.25000     3.39633     0.00000 9.75000e-03     0.00000     0.00000     0.00000     0.00000
     3.75000     3.53594     0.00000 1.12500e-02     0.00000     0.00000     0.00000     0.00000
     4.25000     3.65805     0.00000 1.27500e-02     0.00000     0.00000     0.00000     0.00000
     4.75000     3.76657     0.00000 1.42500e-02     0.00000     0.00000     0.00000     0.00000
     5.25000     3.86421     0.00000 1.57500e-02     0.00000     0.00000     0.00000     0.00000
     5.75000     3.95296     0.00000 1.72500e-02     0.00000     0.00000     0.00000     0.00000
     6.25000     4.03431     0.00000 1.87500e-02     0.00000     0.00000     0.00000     0.00000
     6.75000     4.10939     0.00000 2.02500e-02     0.00000     0.00000     0.00000     0.00000
     7.25000     4.17911     0.00000 2.17500e-02     0.00000     0.00000     0.00000     0.00000
     7.75000     4.24417     0.00000 2.32500e-02     0.00000     0.00000     0.00000     0.00000
     8.25000     4.30517     0.00000 2.47500e-02     0.00000     0.00000     0.00000     0.00000
     8.75000     4.36257     0.00000 2.62500e-02     0.00000     0.00000     0.00000     0.00000
     9.25000     4.41679     0.00000 2.77500e-02     0.00000     0.00000     0.00000     0.00000
     9.75000     4.46815     0.00000 2.92500e-02     0.00000     0.00000     0.00000     0.00000
    10.25000     4.51694     0.00000 3.07500e-02     0.00000     0.00000     0.00000     0.00000
    10.75000     4.56341     0.00000 3.22500e-02     0.00000     0.00000     0.00000     0.00000
    11.25000     4.60776     0.00000 3.37500e-02     0.00000     0.00000     0.00000     0.00000
    11.75000     4.65018     0.00000 3.52500e-02     0.00000     0.00000     0.00000     0.00000
    12.25000     4.69084     0.00000 3.67500e-02     0.00000     0.00000     0.00000     0.00000
    12.75000     4.72987     0.00000 3.82500e-02     0.00000     0.00000     0.00000     0.00000
    13.25000     4.76740     0.00000 3.97500e-02     0.00000     0.00000     0.00000     0.00000
    13.75000     4.80354     0.00000 4.12500e-02     0.00000     0.00000     0.00000     0.00000
    14.25000     4.83838     0.00000 4.27500e-02     0.00000     0.00000     0.00000     0.00000
    14.75000     4.87203     0.00000 4.42500e-02     0.00000     0.00000     0.00000     0.00000
    15.32750     4.90950     0.00000 4.59825e-02     0.00000     0.00000     0.00000     0.00000
    15.98830     4.95068     0.00000 4.79649e-02     0.00000     0.00000     0.00000     0.00000
    16.66078     4.99087     0.00000 4.99823e-02     0.00000     0.00000     0.00000     0.00000
    17.34512     5.03014     0.00000 5.20354e-02     0.00000     0.00000     0.00000     0.00000
    18.04147     5.06854     0.00000 5.41244e-02     0.00000     0.00000     0.00000     0.00000
    18.75002     5.10613     0.00000 5.62501e-02     0.00000     0.00000     0.00000     0.00000
    19.47093     5.14293     0.00000 5.84128e-02     0.00000     0.00000     0.00000     0.00000
    20.20439     5.17901     0.00000 6.06132e-02     0.00000     0.00000     0.00000     0.00000
    20.95057     5.21439     0.00000 6.28517e-02     0.00000     0.00000     0.00000     0.00000
    21.70965     5.24911     0.00000 6.51290e-02     0.00000     0.00000     0.00000     0.00000
    22.48182     5.28321     0.00000 6.74455e-02     0.00000     0.00000     0.00000     0.00000
    23.26726     5.31671     0.00000 6.98018e-02     0.00000     0.00000     0.00000     0.00000
    24.06617     5.34965     0.00000 7.21985e-02     0.00000     0.00000     0.00000     0.00000
    24.87872     5.38205     0.00000 7.46362e-02     0.00000     0.00000     0.00000     0.00000
    25.70512     5.41393     0.00000 7.71154e-02     0.00000     0.00000     0.00000     0.00000
    26.54556     5.44531     0.00000 7.96367e-02     0.00000     0.00000     0.00000     0.00000
    27.40023     5.47623     0.00000 8.22007e-02     0.00000     0.00000     0.00000     0.00000
    28.26935     5.50670     0.00000 8.48080e-02     0.00000     0.00000     0.00000     0.00000
    29.15310     5.53673     0.00000 8.74593e-02     0.00000     0.00000     0.00000     0.00000
    30.05171     5.56635     0.00000 9.01551e-02     0.00000     0.00000     0.00000     0.00000
    30.96537     5.59557     0.00000 9.28961e-02     0.00000     0.00000     0.00000     0.00000
    31.89430     5.62440     0.00000 9.56829e-02     0.00000     0.00000     0.00000     0.00000
    32.83872     5.65287     0.00000 9.85161e-02     0.00000     0.00000     0.00000     0.00000
    33.79883     5.68099     0.00000 1.01396e-01     0.00000     0.00000     0.00000     0.00000
    34.77486     5.70876     0.00000 1.04325e-01     0.00000     0.00000     0.00000     0.00000
    35.76703     5.73621     0.00000 1.07301e-01     0.00000     0.00000     0.00000     0.00000
    36.77556     5.76334     0.00000 1.10327e-01     0.00000     0.00000     0.00000     0.00000
    37.80070     5.79016     0.00000 1.13402e-01     0.00000     0.00000     0.00000     0.00000
    38.84265     5.81669     0.00000 1.16528e-01     0.00000     0.00000     0.00000     0.00000
    39.90167     5.84293     0.00000 1.19705e-01     0.00000     0.00000     0.00000     0.00000
    40.97798     5.86890     0.00000 1.22934e-01     0.00000     0.00000     0.00000     0.00000
    42.07182     5.89460     0.00000 1.26215e-01     0.00000     0.00000     0.00000     0.00000
    43.18345     5.92004     0.00000 1.29550e-01     0.00000     0.00000     0.00000     0.00000
    44.31310     5.94523     0.00000 1.32939e-01     0.00000     0.00000     0.00000     0.00000
    45.46103     5.97019     0.00000 1.36383e-01     0.00000     0.00000     0.00000     0.00000
    46.62748     5.99490     0.00000 1.39882e-01     0.00000     0.00000     0.00000     0.00000
    47.81272     6.01939     0.00000 1.43438e-01     0.00000     0.00000     0.00000     0.00000
    49.01699     6.04366     0.00000 1.47051e-01     0.00000     0.00000     0.00000     0.00000
    50.24058     6.06772     0.00000 1.50722e-01     0.00000     0.00000     0.00000     0.00000
    51.48373     6.09156     0.00000 1.54451e-01     0.00000     0.00000     0.00000     0.00000
    52.74672     6.11521     0.00000 1.58240e-01     0.00000     0.00000     0.00000     0.00000
    54.02982     6.13865     0.00000 1.62089e-01     0.00000     0.00000     0.00000     0.00000
    55.33331     6.16191     0.00000 1.66000e-01     0.00000     0.00000     0.00000     0.00000
    56.65747     6.18498     0.00000 1.69972e-01     0.00000     0.00000     0.00000     0.00000
    58.00258     6.20788     0.00000 1.74008e-01     0.00000     0.00000     0.00000     0.00000
    59.36892     6.23059     0.00000 1.78107e-01     0.00000     0.00000     0.00000     0.00000
    60.75679     6.25314     0.00000 1.82270e-01     0.00000     0.00000     0.00000     0.00000
    62.16648     6.27551     0.00000 1.86499e-01     0.00000     0.00000     0.00000     0.00000
    63.59829     6.29773     0.00000 1.90795e-01     0.00000     0.00000     0.00000     0.00000
    65.05252     6.31979     0.00000 1.95158e-01     0.00000     0.00000     0.00000     0.00000
    66.52947     6.34169     0.00000 1.99588e-01     0.00000     0.00000     0.00000     0.00000
    68.02946     6.36344     0.00000 2.04088e-01     0.00000     0.00000     0.00000     0.00000
    69.55279     6.38504     0.00000 2.08658e-01     0.00000     0.00000     0.00000     0.00000
    71.09979     6.40651     0.00000 2.13299e-01     0.00000     0.00000     0.00000     0.00000
    72.67077     6.42783     0.00000 2.18012e-01     0.00000     0.00000     0.00000     0.00000
    74.26606     6.44901     0.00000 2.22798e-01     0.00000     0.00000     0.00000     0.00000
    75.88599     6.47007     0.00000 2.27658e-01     0.00000     0.00000     0.00000     0.00000
    77.53089     6.49099     0.00000 2.32593e-01     0.00000     0.00000     0.00000     0.00000
    79.20110     6.51178     0.00000 2.37603e-01     0.00000     0.00000     0.00000     0.00000
    80.89696     6.53245     0.00000 2.42691e-01     0.00000     0.00000     0.00000     0.00000
    82.61882     6.55300     0.00000 2.47856e-01     0.00000     0.00000     0.00000     0.00000
    84.36703     6.57343     0.00000 2.53101e-01     0.00000     0.00000     0.00000     0.00000
    86.14194     6.59374     0.00000 2.58426e-01     0.00000     0.00000     0.00000     0.00000
    87.94391     6.61394     0.00000 2.63832e-01     0.00000     0.00000     0.00000     0.00000
    89.77331     6.63402     0.00000 2.69320e-01     0.00000     0.00000     0.00000     0.00000
    91.63050     6.65400     0.00000 2.74891e-01     0.00000     0.00000     0.00000     0.00000
    93.51585     6.67387     0.00000 2.80548e-01     0.00000     0.00000     0.00000     0.00000
    95.42975     6.69363     0.00000 2.86289e-01     0.00000     0.00000     0.00000     0.00000
    97.37258     6.71330     0.00000 2.92118e-01     0.00000     0.00000     0.00000     0.00000
    99.34472     6.73286     0.00000 2.98034e-01     0.00000     0.00000     0.00000     0.00000
   101.34657     6.75232     0.00000 3.04040e-01     0.00000     0.00000     0.00000     0.00000
   103.37852     6.77169     0.00000 3.10136e-01     0.00000     0.00000     0.00000     0.00000
   105.44097     6.79096     0.00000 3.16323e-01     0.00000     0.00000     0.00000     0.00000
   107.53433     6.81014     0.00000 3.22603e-01     0.00000     0.00000     0.00000     0.00000
   109.65902     6.82923     0.00000 3.28977e-01     0.00000     0.00000     0.00000     0.00000
   111.81545     6.84823     0.00000 3.35446e-01     0.00000     0.00000     0.00000     0.00000
   114.00404     6.86714     0.00000 3.42012e-01     0.00000     0.00000     0.00000     0.00000
   116.22522     6.88597     0.00000 3.48676e-01     0.00000     0.00000     0.00000     0.00000
   118.47942     6.90471     0.00000 3.55438e-01     0.00000     0.00000     0.00000     0.00000
   120.76708     6.92336     0.00000 3.62301e-01     0.00000     0.00000     0.00000     0.00000
   123.08865     6.94194     0.00000 3.69266e-01     0.00000     0.00000     0.00000     0.00000
   125.44458     6.96044     0.00000 3.76334e-01     0.00000     0.00000     0.00000     0.00000
   127.83531     6.97886     0.00000 3.83506e-01     0.00000     0.00000     0.00000     0.00000
   130.26132     6.99720     0.00000 3.90784e-01     0.00000     0.00000     0.00000     0.00000
   132.72306     7.01546     0.00000 3.98169e-01     0.00000     0.00000     0.00000     0.00000
   135.22101     7.03365     0.00000 4.05663e-01     0.00000     0.00000     0.00000     0.00000
   137.75565     7.05177     0.00000 4.13267e-01     0.00000     0.00000     0.00000     0.00000
   140.32745     7.06982     0.00000 4.20982e-01     0.00000     0.00000     0.00000     0.00000
   142.93692     7.08779     0.00000 4.28811e-01     0.00000     0.00000     0.00000     0.00000
   145.58455     7.10570     0.00000 4.36754e-01     0.00000     0.00000     0.00000     0.00000
   148.27083     7.12354     0.00000 4.44812e-01     0.00000     0.00000     0.00000     0.00000
   150.99628     7.14131     0.00000 4.52989e-01     0.00000     0.00000     0.00000     0.00000
   153.76141     7.15901     0.00000 4.61284e-01     0.00000     0.00000     0.00000     0.00000
   156.56675     7.17665     0.00000 4.69700e-01     0.00000     0.00000     0.00000     0.00000
   159.41281     7.19423     0.00000 4.78238e-01     0.00000     0.00000     0.00000     0.00000
   162.30015     7.21174     0.00000 4.86900e-01     0.00000     0.00000     0.00000     0.00000
   165.22928     7.22919     0.00000 4.95688e-01     0.00000     0.00000     0.00000     0.00000
   168.20077     7.24658     0.00000 5.04602e-01     0.00000     0.00000     0.00000     0.00000
   171.21517     7.26391     0.00000 5.13645e-01     0.00000     0.00000     0.00000     0.00000
   174.27303     7.28118     0.00000 5.22819e-01     0.00000     0.00000     0.00000     0.00000
   177.37493     7.29839     0.00000 5.32125e-01     0.00000     0.00000     0.00000     0.00000
   180.52144     7.31555     0.00000 5.41564e-01     0.00000     0.00000     0.00000     0.00000
   183.71314     7.33264     0.00000 5.51139e-01     0.00000     0.00000     0.00000     0.00000
   186.95063     7.34969     0.00000 5.60852e-01     0.00000     0.00000     0.00000     0.00000
   190.23449     7.36668     0.00000 5.70703e-01     0.00000     0.00000     0.00000     0.00000
   193.56533     7.38361     0.00000 5.80696e-01     0.00000     0.00000     0.00000     0.00000
   196.94377     7.40049     0.00000 5.90831e-01     0.00000     0.00000     0.00000     0.00000
   200.37042     7.41732     0.00000 6.01111e-01     0.00000     0.00000     0.00000     0.00000
   203.84591     7.43410     0.00000 6.11538e-01     0.00000     0.00000     0.00000     0.00000
   207.37088     7.45082     0.00000 6.22113e-01     0.00000     0.00000     0.00000     0.00000
   210.94595     7.46750     0.00000 6.32838e-01     0.00000     0.00000     0.00000     0.00000
   214.57179     7.48413     0.00000 6.43715e-01     0.00000     0.00000     0.00000     0.00000
   218.24906     7.50070     0.00000 6.54747e-01     0.00000     0.00000     0.00000     0.00000
   221.97841     7.51723     0.00000 6.65935e-01     0.00000     0.00000     0.00000     0.00000
   225.76052     7.53372     0.00000 6.77282e-01     0.00000     0.00000     0.00000     0.00000
   229.59608     7.55015     0.00000 6.88788e-01     0.00000     0.00000     0.00000     0.00000
   233.48577     7.56654     0.00000 7.00457e-01     0.00000     0.00000     0.00000     0.00000
   237.43030     7.58289     0.00000 7.12291e-01     0.00000     0.00000     0.00000     0.00000
   241.43037     7.59919     0.00000 7.24291e-01     0.00000     0.00000     0.00000     0.00000
   245.48670     7.61544     0.00000 7.36460e-01     0.00000     0.00000     0.00000     0.00000
   249.60001     7.63165     0.00000 7.48800e-01     0.00000     0.00000     0.00000     0.00000
   253.77104     7.64782     0.00000 7.61313e-01     0.00000     0.00000     0.00000     0.00000
   258.00053     7.66395     0.00000 7.74002e-01     0.00000     0.00000     0.00000     0.00000
   262.28923     7.68003     0.00000 7.86868e-01     0.00000     0.00000     0.00000     0.00000
   266.63791     7.69607     0.00000 7.99914e-01     0.00000     0.00000     0.00000     0.00000
   271.04733     7.71208     0.00000 8.13142e-01     0.00000     0.00000     0.00000     0.00000
   275.51827     7.72804     0.00000 8.26555e-01     0.00000     0.00000     0.00000     0.00000
   280.05153     7.74396     0.00000 8.40155e-01     0.00000     0.00000     0.00000     0.00000
   284.64791     7.75984     0.00000 8.53944e-01     0.00000     0.00000     0.00000     0.00000
   289.30820     7.77569     0.00000 8.67925e-01     0.00000     0.00000     0.00000     0.00000
   294.03324     7.79149     0.00000 8.82100e-01     0.00000     0.00000     0.00000     0.00000
   298.82384     7.80726     0.00000 8.96472e-01     0.00000     0.00000     0.00000     0.00000
   303.68086     7.82299     0.00000 9.11043e-01     0.00000     0.00000     0.00000     0.00000
   308.60513     7.83868     0.00000 9.25815e-01     0.00000     0.00000     0.00000     0.00000
   313.59752     7.85434     0.00000 9.40793e-01     0.00000     0.00000     0.00000     0.00000
   318.65890     7.86996     0.00000 9.55977e-01     0.00000     0.00000     0.00000     0.00000
   323.79015     7.88554     0.00000 9.71370e-01     0.00000     0.00000     0.00000     0.00000
   328.99215     7.90109     0.00000 9.86976e-01     0.00000     0.00000     0.00000     0.00000
   334.26582     7.91661     0.00000 1.00280e+00     0.00000     0.00000     0.00000     0.00000
   339.61206     7.93209     0.00000 1.01884e+00     0.00000     0.00000     0.00000     0.00000
   345.03179     7.94753     0.00000 1.03510e+00     0.00000     0.00000     0.00000     0.00000
   350.52596     7.96295     0.00000 1.05158e+00     0.00000     0.00000     0.00000     0.00000
   356.09552     7.97833     0.00000 1.06829e+00     0.00000     0.00000     0.00000     0.00000
   361.74141     7.99367     0.00000 1.08522e+00     0.00000     0.00000     0.00000     0.00000
   367.46460     8.00899     0.00000 1.10239e+00     0.00000     0.00000     0.00000     0.00000
   373.26609     8.02427     0.00000 1.11980e+00     0.00000     0.00000     0.00000     0.00000
   379.14686     8.03952     0.00000 1.13744e+00     0.00000     0.00000     0.00000     0.00000
   385.10792     8.05474     0.00000 1.15532e+00     0.00000     0.00000     0.00000     0.00000
   391.15029     8.06993     0.00000 1.17345e+00     0.00000     0.00000     0.00000     0.00000
   397.27500     8.08509     0.00000 1.19182e+00     0.00000     0.00000     0.00000     0.00000
   403.48308     8.10021     0.00000 1.21045e+00     0.00000     0.00000     0.00000     0.00000
   409.77559     8.11531     0.00000 1.22933e+00     0.00000     0.00000     0.00000     0.00000
   416.15361     8.13038     0.00000 1.24846e+00     0.00000     0.00000     0.00000     0.00000
   422.61821     8.14542     0.00000 1.26785e+00     0.00000     0.00000     0.00000     0.00000
   429.17049     8.16043     0.00000 1.28751e+00     0.00000     0.00000     0.00000     0.00000
   435.81155     8.17541     0.00000 1.30743e+00     0.00000     0.00000     0.00000     0.00000
   442.54252     8.19036     0.00000 1.32763e+00     0.00000     0.00000     0.00000     0.00000
   449.36452     8.20529     0.00000 1.34809e+00     0.00000     0.00000     0.00000     0.00000
   456.27871     8.22018     0.00000 1.36884e+00     0.00000     0.00000     0.00000     0.00000
   463.28625     8.23505     0.00000 1.38986e+00     0.00000     0.00000     0.00000     0.00000
   470.38831     8.24990     0.00000 1.41116e+00     0.00000     0.00000     0.00000     0.00000
   477.58609     8.26471     0.00000 1.43276e+00     0.00000     0.00000     0.00000     0.00000

       z    |    ug    |    vg    |    wfls    |    dqtdx    |    dqtdy    |    dqtdt    |    dthldt
#   2110
     0.25000     0.89394     0.00000 7.50000e-04     0.00000     0.00000     0.00000     0.00000
     0.75000     1.96576     0.00000 2.25000e-03     0.00000     0.00000     0.00000     0.00000
     1.25000     2.46413     0.00000 3.75000e-03     0.00000     0.00000     0.00000     0.00000
     1.75000     2.79239     0.00000 5.25000e-03     0.00000     0.00000     0.00000     0.00000
     2.25000     3.03758     0.00000 6.75000e-03     0.00000     0.00000     0.00000     0.00000
     2.75000     3.23335     0.00000 8.25000e-03     0.00000     0.00000     0.00000     0.00000
     3.25000     3.39633     0.00000 9.75000e-03     0.00000     0.00000     0.00000     0.00000
     3.75000     3.53594     0.00000 1.12500e-02     0.00000     0.00000     0.00000     0.00000
     4.25000     3.65805     0.00000 1.27500e-02     0.00000     0.00000     0.00000     0.00000
     4.75000     3.76657     0.00000 1.42500e-02     0.00000     0.00000     0.00000     0.00000
     5.25000     3.86421     0.00000 1.57500e-02     0.00000     0.00000     0.00000     0.00000
     5.75000     3.95296     0.00000 1.72500e-02     0.00000     0.00000     0.00000     0.00000
     6.25000     4.03431     0.00000 1.87500e-02     0.00000     0.00000     0.00000     0.00000
     6.75000     4.10939     0.00000 2.02500e-02     0.00000     0.00000     0.00000     0.00000
     7.25000     4.17911     0.00000 2.17500e-02     0.00000     0.00000     0.00000     0.00000
     7.75000     4.24417     0.00000 2.32500e-02     0.00000     0.00000     0.00000     0.00000
     8.25000     4.30517     0.00000 2.47500e-02     0.00000     0.00000     0.00000     0.00000
     8.75000     4.36257     0.00000 2.62500e-02     0.00000     0.00000     0.00000     0.00000
     9.25000     4.41679     0.00000 2.77500e-02     0.00000     0.00000     0.00000     0.00000
     9.75000     4.46815     0.00000 2.92500e-02     0.00000     0.00000     0.00000     0.00000
    10.25000     4.51694     0.00000 3.07500e-02     0.00000     0.00000     0.00000     0.00000
    10.75000     4.56341     0.00000 3.22500e-02     0.00000     0.00000     0.00000     0.00000
    11.25000     4.60776     0.00000 3.37500e-02     0.00000     0.00000     0.00000     0.00000
    11.75000     4.65018     0.00000 3.52500e-02     0.00000     0.00000     0.00000     0.00000
    12.25000     4.69084     0.00000 3.67500e-02     0.00000     0.00000     0.00000     0.00000
    12.75000     4.72987     0.00000 3.82500e-02     0.00000     0.00000     0.00000     0.00000
    13.25000     4.76740     0.00000 3.97500e-02     0.00000     0.00000     0.00000     0.00000
    13.75000     4.80354     0.00000 4.12500e-02     0.00000     0.00000     0.00000     0.00000
    14.25000     4.83838     0.00000 4.27500e-02     0.00000     0.00000     0.00000     0.00000
    14.75000     4.87203     0.00000 4.42500e-02     0.00000     0.00000     0.00000     0.00000
    15.32750     4.90950     0.00000 4.59825e-02     0.00000     0.00000     0.00000     0.00000
    15.98830     4.95068     0.00000 4.79649e-02     0.00000     0.00000     0.00000     0.00000
    16.66078     4.99087     0.00000 4.99823e-02     0.00000     0.00000     0.00000     0.00000
    17.34512     5.03014     0.00000 5.20354e-02     0.00000     0.00000     0.00000     0.00000
    18.04147     5.06854     0.00000 5.41244e-02     0.00000     0.00000     0.00000     0.00000
    18.75002     5.10613     0.00000 5.62501e-02     0.00000     0.00000     0.00000     0.00000
    19.47093     5.14293     0.00000 5.84128e-02     0.00000     0.00000     0.00000     0.00000
    20.20439     5.17901     0.00000 6.06132e-02     0.00000     0.00000     0.00000     0.00000
    20.95057     5.21439     0.00000 6.28517e-02     0.00000     0.00000     0.00000     0.00000
    21.70965     5.24911     0.00000 6.51290e-02     0.00000     0.00000     0.00000     0.00000
    22.48182     5.28321     0.00000 6.74455e-02     0.00000     0.00000     0.00000     0.00000
    23.26726     5.31671     0.00000 6.98018e-02     0.00000     0.00000     0.00000     0.00000
    24.06617     5.34965     0.00000 7.21985e-02     0.00000     0.00000     0.00000     0.00000
    24.87872     5.38205     0.00000 7.46362e-02     0.00000     0.00000     0.00000     0.00000
    25.70512     5.41393     0.00000 7.71154e-02     0.00000     0.00000     0.00000     0.00000
    26.54556     5.44531     0.00000 7.96367e-02     0.00000     0.00000     0.00000     0.00000
    27.40023     5.47623     0.00000 8.22007e-02     0.00000     0.00000     0.00000     0.00000
    28.26935     5.50670     0.00000 8.48080e-02     0.00000     0.00000     0.00000     0.00000
    29.15310     5.53673     0.00000 8.74593e-02     0.00000     0.00000     0.00000     0.00000
    30.05171     5.56635     0.00000 9.01551e-02     0.00000     0.00000     0.00000     0.00000
    30.96537     5.59557     0.00000 9.28961e-02     0.00000     0.00000     0.00000     0.00000
    31.89430     5.62440     0.00000 9.56829e-02     0.00000     0.00000     0.00000     0.00000
    32.83872     5.65287     0.00000 9.85161e-02     0.00000     0.00000     0.00000     0.00000
    33.79883     5.68099     0.00000 1.01396e-01     0.00000     0.00000     0.00000     0.00000
    34.77486     5.70876     0.00000 1.04325e-01     0.00000     0.00000     0.00000     0.00000
    35.76703     5.73621     0.00000 1.07301e-01     0.00000     0.00000     0.00000     0.00000
    36.77556     5.76334     0.00000 1.10327e-01     0.00000     0.00000     0.00000     0.00000
    37.80070     5.79016     0.00000 1.13402e-01     0.00000     0.00000     0.00000     0.00000
    38.84265     5.81669     0.00000 1.16528e-01     0.00000     0.00000     0.00000     0.00000
    39.90167     5.84293     0.00000 1.19705e-01     0.00000     0.00000     0.00000     0.00000
    40.97798     5.86890     0.00000 1.22934e-01     0.00000     0.00000     0.00000     0.00000
    42.07182     5.89460     0.00000 1.26215e-01     0.00000     0.00000     0.00000     0.00000
    43.18345     5.92004     0.00000 1.29550e-01     0.00000     0.00000     0.00000     0.00000
    44.31310     5.94523     0.00000 1.32939e-01     0.00000     0.00000     0.00000     0.00000
    45.46103     5.97019     0.00000 1.36383e-01     0.00000     0.00000     0.00000     0.00000
    46.62748     5.99490     0.00000 1.39882e-01     0.00000     0.00000     0.00000     0.00000
    47.81272     6.01939     0.00000 1.43438e-01     0.00000     0.00000     0.00000     0.00000
    49.01699     6.04366     0.00000 1.47051e-01     0.00000     0.00000     0.00000     0.00000
    50.24058     6.06772     0.00000 1.50722e-01     0.00000     0.00000     0.00000     0.00000
    51.48373     6.09156     0.00000 1.54451e-01     0.00000     0.00000     0.00000     0.00000
    52.74672     6.11521     0.00000 1.58240e-01     0.00000     0.00000     0.00000     0.00000
    54.02982     6.13865     0.00000 1.62089e-01     0.00000     0.00000     0.00000     0.00000
    55.33331     6.16191     0.00000 1.66000e-01     0.00000     0.00000     0.00000     0.00000
    56.65747     6.18498     0.00000 1.69972e-01     0.00000     0.00000     0.00000     0.00000
    58.00258     6.20788     0.00000 1.74008e-01     0.00000     0.00000     0.00000     0.00000
    59.36892     6.23059     0.00000 1.78107e-01     0.00000     0.00000     0.00000     0.00000
    60.75679     6.25314     0.00000 1.82270e-01     0.00000     0.00000     0.00000     0.00000
    62.16648     6.27551     0.00000 1.86499e-01     0.00000     0.00000     0.00000     0.00000
    63.59829     6.29773     0.00000 1.90795e-01     0.00000     0.00000     0.00000     0.00000
    65.05252     6.31979     0.00000 1.95158e-01     0.00000     0.00000     0.00000     0.00000
    66.52947     6.34169     0.00000 1.99588e-01     0.00000     0.00000     0.00000     0.00000
    68.02946     6.36344     0.00000 2.04088e-01     0.00000     0.00000     0.00000     0.00000
    69.55279     6.38504     0.00000 2.08658e-01     0.00000     0.00000     0.00000     0.00000
    71.09979     6.40651     0.00000 2.13299e-01     0.00000     0.00000     0.00000     0.00000
    72.67077     6.42783     0.00000 2.18012e-01     0.00000     0.00000     0.00000     0.00000
    74.26606     6.44901     0.00000 2.22798e-01     0.00000     0.00000     0.00000     0.00000
    75.88599     6.47007     0.00000 2.27658e-01     0.00000     0.00000     0.00000     0.00000
    77.53089     6.49099     0.00000 2.32593e-01     0.00000     0.00000     0.00000     0.00000
    79.20110     6.51178     0.00000 2.37603e-01     0.00000     0.00000     0.00000     0.00000
    80.89696     6.53245     0.00000 2.42691e-01     0.00000     0.00000     0.00000     0.00000
    82.61882     6.55300     0.00000 2.47856e-01     0.00000     0.00000     0.00000     0.00000
    84.36703     6.57343     0.00000 2.53101e-01     0.00000     0.00000     0.00000     0.00000
    86.14194     6.59374     0.00000 2.58426e-01     0.00000     0.00000     0.00000     0.00000
    87.94391     6.61394     0.00000 2.63832e-01     0.00000     0.00000     0.00000     0.00000
    89.77331     6.63402     0.00000 2.69320e-01     0.00000     0.00000     0.00000     0.00000
    91.63050     6.65400     0.00000 2.74891e-01     0.00000     0.00000     0.00000     0.00000
    93.51585     6.67387     0.00000 2.80548e-01     0.00000     0.00000     0.00000     0.00000
    95.42975     6.69363     0.00000 2.86289e-01     0.00000     0.00000     0.00000     0.00000
    97.37258     6.71330     0.00000 2.92118e-01     0.00000     0.00000     0.00000     0.00000
    99.34472     6.73286     0.00000 2.98034e-01     0.00000     0.00000     0.00000     0.00000
   101.34657     6.75232     0.00000 3.04040e-01     0.00000     0.00000     0.00000     0.00000
   103.37852     6.77169     0.00000 3.10136e-01     0.00000     0.00000     0.00000     0.00000
   105.44097     6.79096     0.00000 3.16323e-01     0.00000     0.00000     0.00000     0.00000
   107.53433     6.81014     0.00000 3.22603e-01     0.00000     0.00000     0.00000     0.00000
   109.65902     6.82923     0.00000 3.28977e-01     0.00000     0.00000     0.00000     0.00000
   111.81545     6.84823     0.00000 3.35446e-01     0.00000     0.00000     0.00000     0.00000
   114.00404     6.86714     0.00000 3.42012e-01     0.00000     0.00000     0.00000     0.00000
   116.22522     6.88597     0.00000 3.48676e-01     0.00000     0.00000     0.00000     0.00000
   118.47942     6.90471     0.00000 3.55438e-01     0.00000     0.00000     0.00000     0.00000
   120.76708     6.92336     0.00000 3.62301e-01     0.00000     0.00000     0.00000     0.00000
   123.08865     6.94194     0.00000 3.69266e-01     0.00000     0.00000     0.00000     0.00000
   125.44458     6.96044     0.00000 3.76334e-01     0.00000     0.00000     0.00000     0.00000
   127.83531     6.97886     0.00000 3.83506e-01     0.00000     0.00000     0.00000     0.00000
   130.26132     6.99720     0.00000 3.90784e-01     0.00000     0.00000     0.00000     0.00000
   132.72306     7.01546     0.00000 3.98169e-01     0.00000     0.00000     0.00000     0.00000
   135.22101     7.03365     0.00000 4.05663e-01     0.00000     0.00000     0.00000     0.00000
   137.75565     7.05177     0.00000 4.13267e-01     0.00000     0.00000     0.00000     0.00000
   140.32745     7.06982     0.00000 4.20982e-01     0.00000     0.00000     0.00000     0.00000
   142.93692     7.08779     0.00000 4.28811e-01     0.00000     0.00000     0.00000     0.00000
   145.58455     7.10570     0.00000 4.36754e-01     0.00000     0.00000     0.00000     0.00000
   148.27083     7.12354     0.00000 4.44812e-01     0.00000     0.00000     0.00000     0.00000
   150.99628     7.14131     0.00000 4.52989e-01     0.00000     0.00000     0.00000     0.00000
   153.76141     7.15901     0.00000 4.61284e-01     0.00000     0.00000     0.00000     0.00000
   156.56675     7.17665     0.00000 4.69700e-01     0.00000     0.00000     0.00000     0.00000
   159.41281     7.19423     0.00000 4.78238e-01     0.00000     0.00000     0.00000     0.00000
   162.30015     7.21174     0.00000 4.86900e-01     0.00000     0.00000     0.00000     0.00000
   165.22928     7.22919     0.00000 4.95688e-01     0.00000     0.00000     0.00000     0.00000
   168.20077     7.24658     0.00000 5.04602e-01     0.00000     0.00000     0.00000     0.00000
   171.21517     7.26391     0.00000 5.13645e-01     0.00000     0.00000     0.00000     0.00000
   174.27303     7.28118     0.00000 5.22819e-01     0.00000     0.00000     0.00000     0.00000
   177.37493     7.29839     0.00000 5.32125e-01     0.00000     0.00000     0.00000     0.00000
   180.52144     7.31555     0.00000 5.41564e-01     0.00000     0.00000     0.00000     0.00000
   183.71314     7.33264     0.00000 5.51139e-01     0.00000     0.00000     0.00000     0.00000
   186.95063     7.34969     0.00000 5.60852e-01     0.00000     0.00000     0.00000     0.00000
   190.23449     7.36668     0.00000 5.70703e-01     0.00000     0.00000     0.00000     0.00000
   193.56533     7.38361     0.00000 5.80696e-01     0.00000     0.00000     0.00000     0.00000
   196.94377     7.40049     0.00000 5.90831e-01     0.00000     0.00000     0.00000     0.00000
   200.37042     7.41732     0.00000 6.01111e-01     0.00000     0.00000     0.00000     0.00000
   203.84591     7.43410     0.00000 6.11538e-01     0.00000     0.00000     0.00000     0.00000
   207.37088     7.45082     0.00000 6.22113e-01     0.00000     0.00000     0.00000     0.00000
   210.94595     7.46750     0.00000 6.32838e-01     0.00000     0.00000     0.00000     0.00000
   214.57179     7.48413     0.00000 6.43715e-01     0.00000     0.00000     0.00000     0.00000
   218.24906     7.50070     0.00000 6.54747e-01     0.00000     0.00000     0.00000     0.00000
   221.97841     7.51723     0.00000 6.65935e-01     0.00000     0.00000     0.00000     0.00000
   225.76052     7.53372     0.00000 6.77282e-01     0.00000     0.00000     0.00000     0.00000
   229.59608     7.55015     0.00000 6.88788e-01     0.00000     0.00000     0.00000     0.00000
   233.48577     7.56654     0.00000 7.00457e-01     0.00000     0.00000     0.00000     0.00000
   237.43030     7.58289     0.00000 7.12291e-01     0.00000     0.00000     0.00000     0.00000
   241.43037     7.59919     0.00000 7.24291e-01     0.00000     0.00000     0.00000     0.00000
   245.48670     7.61544     0.00000 7.36460e-01     0.00000     0.00000     0.00000     0.00000
   249.60001     7.63165     0.00000 7.48800e-01     0.00000     0.00000     0.00000     0.00000
   253.77104     7.64782     0.00000 7.61313e-01     0.00000     0.00000     0.00000     0.00000
   258.00053     7.66395     0.00000 7.74002e-01     0.00000     0.00000     0.00000     0.00000
   262.28923     7.68003     0.00000 7.86868e-01     0.00000     0.00000     0.00000     0.00000
   266.63791     7.69607     0.00000 7.99914e-01     0.00000     0.00000     0.00000     0.00000
   271.04733     7.71208     0.00000 8.13142e-01     0.00000     0.00000     0.00000     0.00000
   275.51827     7.72804     0.00000 8.26555e-01     0.00000     0.00000     0.00000     0.00000
   280.05153     7.74396     0.00000 8.40155e-01     0.00000     0.00000     0.00000     0.00000
   284.64791     7.75984     0.00000 8.53944e-01     0.00000     0.00000     0.00000     0.00000
   289.30820     7.77569     0.00000 8.67925e-01     0.00000     0.00000     0.00000     0.00000
   294.03324     7.79149     0.00000 8.82100e-01     0.00000     0.00000     0.00000     0.00000
   298.82384     7.80726     0.00000 8.96472e-01     0.00000     0.00000     0.00000     0.00000
   303.68086     7.82299     0.00000 9.11043e-01     0.00000     0.00000     0.00000     0.00000
   308.60513     7.83868     0.00000 9.25815e-01     0.00000     0.00000     0.00000     0.00000
   313.59752     7.85434     0.00000 9.40793e-01     0.00000     0.00000     0.00000     0.00000
   318.65890     7.86996     0.00000 9.55977e-01     0.00000     0.00000     0.00000     0.00000
   323.79015     7.88554     0.00000 9.71370e-01     0.00000     0.00000     0.00000     0.00000
   328.99215     7.90109     0.00000 9.86976e-01     0.00000     0.00000     0.00000     0.00000
   334.26582     7.91661     0.00000 1.00280e+00     0.00000     0.00000     0.00000     0.00000
   339.61206     7.93209     0.00000 1.01884e+00     0.00000     0.00000     0.00000     0.00000
   345.03179     7.94753     0.00000 1.03510e+00     0.00000     0.00000     0.00000     0.00000
   350.52596     7.96295     0.00000 1.05158e+00     0.00000     0.00000     0.00000     0.00000
   356.09552     7.97833     0.00000 1.06829e+00     0.00000     0.00000     0.00000     0.00000
   361.74141     7.99367     0.00000 1.08522e+00     0.00000     0.00000     0.00000     0.00000
   367.46460     8.00899     0.00000 1.10239e+00     0.00000     0.00000     0.00000     0.00000
   373.26609     8.02427     0.00000 1.11980e+00     0.00000     0.00000     0.00000     0.00000
   379.14686     8.03952     0.00000 1.13744e+00     0.00000     0.00000     0.00000     0.00000
   385.10792     8.05474     0.00000 1.15532e+00     0.00000     0.00000     0.00000     0.00000
   391.15029     8.06993     0.00000 1.17345e+00     0.00000     0.00000     0.00000     0.00000
   397.27500     8.08509     0.00000 1.19182e+00     0.00000     0.00000     0.00000     0.00000
   403.48308     8.10021     0.00000 1.21045e+00     0.00000     0.00000     0.00000     0.00000
   409.77559     8.11531     0.00000 1.22933e+00     0.00000     0.00000     0.00000     0.00000
   416.15361     8.13038     0.00000 1.24846e+00     0.00000     0.00000     0.00000     0.00000
   422.61821     8.14542     0.00000 1.26785e+00     0.00000     0.00000     0.00000     0.00000
   429.17049     8.16043     0.00000 1.28751e+00     0.00000     0.00000     0.00000     0.00000
   435.81155     8.17541     0.00000 1.30743e+00     0.00000     0.00000     0.00000     0.00000
   442.54252     8.19036     0.00000 1.32763e+00     0.00000     0.00000     0.00000     0.00000
   449.36452     8.20529     0.00000 1.34809e+00     0.00000     0.00000     0.00000     0.00000
   456.27871     8.22018     0.00000 1.36884e+00     0.00000     0.00000     0.00000     0.00000
   463.28625     8.23505     0.00000 1.38986e+00     0.00000     0.00000     0.00000     0.00000
   470.38831     8.24990     0.00000 1.41116e+00     0.00000     0.00000     0.00000     0.00000
   477.58609     8.26471     0.00000 1.43276e+00     0.00000     0.00000     0.00000     0.00000

