# Large Scale Forcings
       z     |     ug     |     vg     |     wfls     |     dqtdx     |     dqtdy     |     dqtdt     |     dthldt
      0.2500      0.8939      0.0000  7.5000e-04      0.0000      0.0000      0.0000      0.0000
      0.7500      1.9658      0.0000  2.2500e-03      0.0000      0.0000      0.0000      0.0000
      1.2500      2.4641      0.0000  3.7500e-03      0.0000      0.0000      0.0000      0.0000
      1.7500      2.7924      0.0000  5.2500e-03      0.0000      0.0000      0.0000      0.0000
      2.2500      3.0376      0.0000  6.7500e-03      0.0000      0.0000      0.0000      0.0000
      2.7500      3.2334      0.0000  8.2500e-03      0.0000      0.0000      0.0000      0.0000
      3.2500      3.3963      0.0000  9.7500e-03      0.0000      0.0000      0.0000      0.0000
      3.7500      3.5359      0.0000  1.1250e-02      0.0000      0.0000      0.0000      0.0000
      4.2500      3.6581      0.0000  1.2750e-02      0.0000      0.0000      0.0000      0.0000
      4.7500      3.7666      0.0000  1.4250e-02      0.0000      0.0000      0.0000      0.0000
      5.2500      3.8642      0.0000  1.5750e-02      0.0000      0.0000      0.0000      0.0000
      5.7500      3.9530      0.0000  1.7250e-02      0.0000      0.0000      0.0000      0.0000
      6.2500      4.0343      0.0000  1.8750e-02      0.0000      0.0000      0.0000      0.0000
      6.7500      4.1094      0.0000  2.0250e-02      0.0000      0.0000      0.0000      0.0000
      7.2500      4.1791      0.0000  2.1750e-02      0.0000      0.0000      0.0000      0.0000
      7.7500      4.2442      0.0000  2.3250e-02      0.0000      0.0000      0.0000      0.0000
      8.2500      4.3052      0.0000  2.4750e-02      0.0000      0.0000      0.0000      0.0000
      8.7500      4.3626      0.0000  2.6250e-02      0.0000      0.0000      0.0000      0.0000
      9.2500      4.4168      0.0000  2.7750e-02      0.0000      0.0000      0.0000      0.0000
      9.7500      4.4681      0.0000  2.9250e-02      0.0000      0.0000      0.0000      0.0000
     10.2500      4.5169      0.0000  3.0750e-02      0.0000      0.0000      0.0000      0.0000
     10.7500      4.5634      0.0000  3.2250e-02      0.0000      0.0000      0.0000      0.0000
     11.2500      4.6078      0.0000  3.3750e-02      0.0000      0.0000      0.0000      0.0000
     11.7500      4.6502      0.0000  3.5250e-02      0.0000      0.0000      0.0000      0.0000
     12.2500      4.6908      0.0000  3.6750e-02      0.0000      0.0000      0.0000      0.0000
     12.7500      4.7299      0.0000  3.8250e-02      0.0000      0.0000      0.0000      0.0000
     13.2500      4.7674      0.0000  3.9750e-02      0.0000      0.0000      0.0000      0.0000
     13.7500      4.8035      0.0000  4.1250e-02      0.0000      0.0000      0.0000      0.0000
     14.2500      4.8384      0.0000  4.2750e-02      0.0000      0.0000      0.0000      0.0000
     14.7500      4.8720      0.0000  4.4250e-02      0.0000      0.0000      0.0000      0.0000
     15.3275      4.9095      0.0000  4.5983e-02      0.0000      0.0000      0.0000      0.0000
     15.9883      4.9507      0.0000  4.7965e-02      0.0000      0.0000      0.0000      0.0000
     16.6608      4.9909      0.0000  4.9982e-02      0.0000      0.0000      0.0000      0.0000
     17.3451      5.0301      0.0000  5.2035e-02      0.0000      0.0000      0.0000      0.0000
     18.0415      5.0685      0.0000  5.4124e-02      0.0000      0.0000      0.0000      0.0000
     18.7500      5.1061      0.0000  5.6250e-02      0.0000      0.0000      0.0000      0.0000
     19.4709      5.1429      0.0000  5.8413e-02      0.0000      0.0000      0.0000      0.0000
     20.2044      5.1790      0.0000  6.0613e-02      0.0000      0.0000      0.0000      0.0000
     20.9506      5.2144      0.0000  6.2852e-02      0.0000      0.0000      0.0000      0.0000
     21.7097      5.2491      0.0000  6.5129e-02      0.0000      0.0000      0.0000      0.0000
     22.4818      5.2832      0.0000  6.7445e-02      0.0000      0.0000      0.0000      0.0000
     23.2673      5.3167      0.0000  6.9802e-02      0.0000      0.0000      0.0000      0.0000
     24.0662      5.3497      0.0000  7.2198e-02      0.0000      0.0000      0.0000      0.0000
     24.8787      5.3820      0.0000  7.4636e-02      0.0000      0.0000      0.0000      0.0000
     25.7051      5.4139      0.0000  7.7115e-02      0.0000      0.0000      0.0000      0.0000
     26.5456      5.4453      0.0000  7.9637e-02      0.0000      0.0000      0.0000      0.0000
     27.4002      5.4762      0.0000  8.2201e-02      0.0000      0.0000      0.0000      0.0000
     28.2693      5.5067      0.0000  8.4808e-02      0.0000      0.0000      0.0000      0.0000
     29.1531      5.5367      0.0000  8.7459e-02      0.0000      0.0000      0.0000      0.0000
     30.0517      5.5663      0.0000  9.0155e-02      0.0000      0.0000      0.0000      0.0000
     30.9654      5.5956      0.0000  9.2896e-02      0.0000      0.0000      0.0000      0.0000
     31.8943      5.6244      0.0000  9.5683e-02      0.0000      0.0000      0.0000      0.0000
     32.8387      5.6529      0.0000  9.8516e-02      0.0000      0.0000      0.0000      0.0000
     33.7988      5.6810      0.0000  1.0140e-01      0.0000      0.0000      0.0000      0.0000
     34.7749      5.7088      0.0000  1.0432e-01      0.0000      0.0000      0.0000      0.0000
     35.7670      5.7362      0.0000  1.0730e-01      0.0000      0.0000      0.0000      0.0000
     36.7756      5.7633      0.0000  1.1033e-01      0.0000      0.0000      0.0000      0.0000
     37.8007      5.7902      0.0000  1.1340e-01      0.0000      0.0000      0.0000      0.0000
     38.8427      5.8167      0.0000  1.1653e-01      0.0000      0.0000      0.0000      0.0000
     39.9017      5.8429      0.0000  1.1970e-01      0.0000      0.0000      0.0000      0.0000
     40.9780      5.8689      0.0000  1.2293e-01      0.0000      0.0000      0.0000      0.0000
     42.0718      5.8946      0.0000  1.2622e-01      0.0000      0.0000      0.0000      0.0000
     43.1834      5.9200      0.0000  1.2955e-01      0.0000      0.0000      0.0000      0.0000
     44.3131      5.9452      0.0000  1.3294e-01      0.0000      0.0000      0.0000      0.0000
     45.4610      5.9702      0.0000  1.3638e-01      0.0000      0.0000      0.0000      0.0000
     46.6275      5.9949      0.0000  1.3988e-01      0.0000      0.0000      0.0000      0.0000
     47.8127      6.0194      0.0000  1.4344e-01      0.0000      0.0000      0.0000      0.0000
     49.0170      6.0437      0.0000  1.4705e-01      0.0000      0.0000      0.0000      0.0000
     50.2406      6.0677      0.0000  1.5072e-01      0.0000      0.0000      0.0000      0.0000
     51.4837      6.0916      0.0000  1.5445e-01      0.0000      0.0000      0.0000      0.0000
     52.7467      6.1152      0.0000  1.5824e-01      0.0000      0.0000      0.0000      0.0000
     54.0298      6.1387      0.0000  1.6209e-01      0.0000      0.0000      0.0000      0.0000
     55.3333      6.1619      0.0000  1.6600e-01      0.0000      0.0000      0.0000      0.0000
     56.6575      6.1850      0.0000  1.6997e-01      0.0000      0.0000      0.0000      0.0000
     58.0026      6.2079      0.0000  1.7401e-01      0.0000      0.0000      0.0000      0.0000
     59.3689      6.2306      0.0000  1.7811e-01      0.0000      0.0000      0.0000      0.0000
     60.7568      6.2531      0.0000  1.8227e-01      0.0000      0.0000      0.0000      0.0000
     62.1665      6.2755      0.0000  1.8650e-01      0.0000      0.0000      0.0000      0.0000
     63.5983      6.2977      0.0000  1.9079e-01      0.0000      0.0000      0.0000      0.0000
     65.0525      6.3198      0.0000  1.9516e-01      0.0000      0.0000      0.0000      0.0000
     66.5295      6.3417      0.0000  1.9959e-01      0.0000      0.0000      0.0000      0.0000
     68.0295      6.3634      0.0000  2.0409e-01      0.0000      0.0000      0.0000      0.0000
     69.5528      6.3850      0.0000  2.0866e-01      0.0000      0.0000      0.0000      0.0000
     71.0998      6.4065      0.0000  2.1330e-01      0.0000      0.0000      0.0000      0.0000
     72.6708      6.4278      0.0000  2.1801e-01      0.0000      0.0000      0.0000      0.0000
     74.2661      6.4490      0.0000  2.2280e-01      0.0000      0.0000      0.0000      0.0000
     75.8860      6.4701      0.0000  2.2766e-01      0.0000      0.0000      0.0000      0.0000
     77.5309      6.4910      0.0000  2.3259e-01      0.0000      0.0000      0.0000      0.0000
     79.2011      6.5118      0.0000  2.3760e-01      0.0000      0.0000      0.0000      0.0000
     80.8970      6.5325      0.0000  2.4269e-01      0.0000      0.0000      0.0000      0.0000
     82.6188      6.5530      0.0000  2.4786e-01      0.0000      0.0000      0.0000      0.0000
     84.3670      6.5734      0.0000  2.5310e-01      0.0000      0.0000      0.0000      0.0000
     86.1419      6.5937      0.0000  2.5843e-01      0.0000      0.0000      0.0000      0.0000
     87.9439      6.6139      0.0000  2.6383e-01      0.0000      0.0000      0.0000      0.0000
     89.7733      6.6340      0.0000  2.6932e-01      0.0000      0.0000      0.0000      0.0000
     91.6305      6.6540      0.0000  2.7489e-01      0.0000      0.0000      0.0000      0.0000
     93.5159      6.6739      0.0000  2.8055e-01      0.0000      0.0000      0.0000      0.0000
     95.4298      6.6936      0.0000  2.8629e-01      0.0000      0.0000      0.0000      0.0000
     97.3726      6.7133      0.0000  2.9212e-01      0.0000      0.0000      0.0000      0.0000
     99.3447      6.7329      0.0000  2.9803e-01      0.0000      0.0000      0.0000      0.0000
    101.3466      6.7523      0.0000  3.0404e-01      0.0000      0.0000      0.0000      0.0000
    103.3785      6.7717      0.0000  3.1014e-01      0.0000      0.0000      0.0000      0.0000
    105.4410      6.7910      0.0000  3.1632e-01      0.0000      0.0000      0.0000      0.0000
    107.5343      6.8101      0.0000  3.2260e-01      0.0000      0.0000      0.0000      0.0000
    109.6590      6.8292      0.0000  3.2898e-01      0.0000      0.0000      0.0000      0.0000
    111.8154      6.8482      0.0000  3.3545e-01      0.0000      0.0000      0.0000      0.0000
    114.0040      6.8671      0.0000  3.4201e-01      0.0000      0.0000      0.0000      0.0000
    116.2252      6.8860      0.0000  3.4868e-01      0.0000      0.0000      0.0000      0.0000
    118.4794      6.9047      0.0000  3.5544e-01      0.0000      0.0000      0.0000      0.0000
    120.7671      6.9234      0.0000  3.6230e-01      0.0000      0.0000      0.0000      0.0000
    123.0887      6.9419      0.0000  3.6927e-01      0.0000      0.0000      0.0000      0.0000
    125.4446      6.9604      0.0000  3.7633e-01      0.0000      0.0000      0.0000      0.0000
    127.8353      6.9789      0.0000  3.8351e-01      0.0000      0.0000      0.0000      0.0000
    130.2613      6.9972      0.0000  3.9078e-01      0.0000      0.0000      0.0000      0.0000
    132.7231      7.0155      0.0000  3.9817e-01      0.0000      0.0000      0.0000      0.0000
    135.2210      7.0337      0.0000  4.0566e-01      0.0000      0.0000      0.0000      0.0000
    137.7556      7.0518      0.0000  4.1327e-01      0.0000      0.0000      0.0000      0.0000
    140.3275      7.0698      0.0000  4.2098e-01      0.0000      0.0000      0.0000      0.0000
    142.9369      7.0878      0.0000  4.2881e-01      0.0000      0.0000      0.0000      0.0000
    145.5845      7.1057      0.0000  4.3675e-01      0.0000      0.0000      0.0000      0.0000
    148.2708      7.1235      0.0000  4.4481e-01      0.0000      0.0000      0.0000      0.0000
    150.9963      7.1413      0.0000  4.5299e-01      0.0000      0.0000      0.0000      0.0000
    153.7614      7.1590      0.0000  4.6128e-01      0.0000      0.0000      0.0000      0.0000
    156.5667      7.1767      0.0000  4.6970e-01      0.0000      0.0000      0.0000      0.0000
    159.4128      7.1942      0.0000  4.7824e-01      0.0000      0.0000      0.0000      0.0000
    162.3001      7.2117      0.0000  4.8690e-01      0.0000      0.0000      0.0000      0.0000
    165.2293      7.2292      0.0000  4.9569e-01      0.0000      0.0000      0.0000      0.0000
    168.2008      7.2466      0.0000  5.0460e-01      0.0000      0.0000      0.0000      0.0000
    171.2152      7.2639      0.0000  5.1365e-01      0.0000      0.0000      0.0000      0.0000
    174.2730      7.2812      0.0000  5.2282e-01      0.0000      0.0000      0.0000      0.0000
    177.3749      7.2984      0.0000  5.3212e-01      0.0000      0.0000      0.0000      0.0000
    180.5214      7.3155      0.0000  5.4156e-01      0.0000      0.0000      0.0000      0.0000
    183.7131      7.3326      0.0000  5.5114e-01      0.0000      0.0000      0.0000      0.0000
    186.9506      7.3497      0.0000  5.6085e-01      0.0000      0.0000      0.0000      0.0000
    190.2345      7.3667      0.0000  5.7070e-01      0.0000      0.0000      0.0000      0.0000
    193.5653      7.3836      0.0000  5.8070e-01      0.0000      0.0000      0.0000      0.0000
    196.9438      7.4005      0.0000  5.9083e-01      0.0000      0.0000      0.0000      0.0000
    200.3704      7.4173      0.0000  6.0111e-01      0.0000      0.0000      0.0000      0.0000
    203.8459      7.4341      0.0000  6.1154e-01      0.0000      0.0000      0.0000      0.0000
    207.3709      7.4508      0.0000  6.2211e-01      0.0000      0.0000      0.0000      0.0000
    210.9460      7.4675      0.0000  6.3284e-01      0.0000      0.0000      0.0000      0.0000
    214.5718      7.4841      0.0000  6.4372e-01      0.0000      0.0000      0.0000      0.0000
    218.2491      7.5007      0.0000  6.5475e-01      0.0000      0.0000      0.0000      0.0000
    221.9784      7.5172      0.0000  6.6594e-01      0.0000      0.0000      0.0000      0.0000
    225.7605      7.5337      0.0000  6.7728e-01      0.0000      0.0000      0.0000      0.0000
    229.5961      7.5502      0.0000  6.8879e-01      0.0000      0.0000      0.0000      0.0000
    233.4858      7.5665      0.0000  7.0046e-01      0.0000      0.0000      0.0000      0.0000
    237.4303      7.5829      0.0000  7.1229e-01      0.0000      0.0000      0.0000      0.0000
    241.4304      7.5992      0.0000  7.2429e-01      0.0000      0.0000      0.0000      0.0000
    245.4867      7.6154      0.0000  7.3646e-01      0.0000      0.0000      0.0000      0.0000
    249.6000      7.6317      0.0000  7.4880e-01      0.0000      0.0000      0.0000      0.0000
    253.7710      7.6478      0.0000  7.6131e-01      0.0000      0.0000      0.0000      0.0000
    258.0005      7.6639      0.0000  7.7400e-01      0.0000      0.0000      0.0000      0.0000
    262.2892      7.6800      0.0000  7.8687e-01      0.0000      0.0000      0.0000      0.0000
    266.6379      7.6961      0.0000  7.9991e-01      0.0000      0.0000      0.0000      0.0000
    271.0473      7.7121      0.0000  8.1314e-01      0.0000      0.0000      0.0000      0.0000
    275.5183      7.7280      0.0000  8.2655e-01      0.0000      0.0000      0.0000      0.0000
    280.0515      7.7440      0.0000  8.4015e-01      0.0000      0.0000      0.0000      0.0000
    284.6479      7.7598      0.0000  8.5394e-01      0.0000      0.0000      0.0000      0.0000
    289.3082      7.7757      0.0000  8.6792e-01      0.0000      0.0000      0.0000      0.0000
    294.0332      7.7915      0.0000  8.8210e-01      0.0000      0.0000      0.0000      0.0000
    298.8238      7.8073      0.0000  8.9647e-01      0.0000      0.0000      0.0000      0.0000
    303.6809      7.8230      0.0000  9.1104e-01      0.0000      0.0000      0.0000      0.0000
    308.6051      7.8387      0.0000  9.2582e-01      0.0000      0.0000      0.0000      0.0000
    313.5975      7.8543      0.0000  9.4079e-01      0.0000      0.0000      0.0000      0.0000
    318.6589      7.8700      0.0000  9.5598e-01      0.0000      0.0000      0.0000      0.0000
    323.7901      7.8855      0.0000  9.7137e-01      0.0000      0.0000      0.0000      0.0000
    328.9921      7.9011      0.0000  9.8698e-01      0.0000      0.0000      0.0000      0.0000
    334.2658      7.9166      0.0000  1.0028e+00      0.0000      0.0000      0.0000      0.0000
    339.6121      7.9321      0.0000  1.0188e+00      0.0000      0.0000      0.0000      0.0000
    345.0318      7.9475      0.0000  1.0351e+00      0.0000      0.0000      0.0000      0.0000
    350.5260      7.9629      0.0000  1.0516e+00      0.0000      0.0000      0.0000      0.0000
    356.0955      7.9783      0.0000  1.0683e+00      0.0000      0.0000      0.0000      0.0000
    361.7414      7.9937      0.0000  1.0852e+00      0.0000      0.0000      0.0000      0.0000
    367.4646      8.0090      0.0000  1.1024e+00      0.0000      0.0000      0.0000      0.0000
    373.2661      8.0243      0.0000  1.1198e+00      0.0000      0.0000      0.0000      0.0000
    379.1469      8.0395      0.0000  1.1374e+00      0.0000      0.0000      0.0000      0.0000
    385.1079      8.0547      0.0000  1.1553e+00      0.0000      0.0000      0.0000      0.0000
    391.1503      8.0699      0.0000  1.1735e+00      0.0000      0.0000      0.0000      0.0000
    397.2750      8.0851      0.0000  1.1918e+00      0.0000      0.0000      0.0000      0.0000
    403.4831      8.1002      0.0000  1.2104e+00      0.0000      0.0000      0.0000      0.0000
    409.7756      8.1153      0.0000  1.2293e+00      0.0000      0.0000      0.0000      0.0000
    416.1536      8.1304      0.0000  1.2485e+00      0.0000      0.0000      0.0000      0.0000
    422.6182      8.1454      0.0000  1.2679e+00      0.0000      0.0000      0.0000      0.0000
    429.1705      8.1604      0.0000  1.2875e+00      0.0000      0.0000      0.0000      0.0000
    435.8116      8.1754      0.0000  1.3074e+00      0.0000      0.0000      0.0000      0.0000
    442.5425      8.1904      0.0000  1.3276e+00      0.0000      0.0000      0.0000      0.0000
    449.3645      8.2053      0.0000  1.3481e+00      0.0000      0.0000      0.0000      0.0000
    456.2787      8.2202      0.0000  1.3688e+00      0.0000      0.0000      0.0000      0.0000
    463.2863      8.2351      0.0000  1.3899e+00      0.0000      0.0000      0.0000      0.0000
    470.3883      8.2499      0.0000  1.4112e+00      0.0000      0.0000      0.0000      0.0000
    477.5861      8.2647      0.0000  1.4328e+00      0.0000      0.0000      0.0000      0.0000
