# Large scale fluxes
      time     |     wtsurf     |     wqsurf     |     thlsurf     |     qtsurf     |     psurf

  0.0000e+00      0.0000      0.0000    293.0000      0.0000  1.0000e+06
  4.0000e+02      0.0000      0.0000    292.5000      0.0000  1.0000e+06
  1.8000e+03      0.0000      0.0000    290.0000      0.0000  1.0000e+06

Large Scale Forcing Terms
       z    |    ug    |    vg    |    wfls    |    dqtdx    |    dqtdy    |    dqtdt    |    dthldt
#   0
      0.2500     -0.4470     -0.7733  7.5000e-04      0.0000      0.0000      0.0000      0.0000
      0.7500     -0.9829     -1.7004  2.2500e-03      0.0000      0.0000      0.0000      0.0000
      1.2500     -1.2321     -2.1315  3.7500e-03      0.0000      0.0000      0.0000      0.0000
      1.7500     -1.3962     -2.4154  5.2500e-03      0.0000      0.0000      0.0000      0.0000
      2.2500     -1.5188     -2.6275  6.7500e-03      0.0000      0.0000      0.0000      0.0000
      2.7500     -1.6167     -2.7968  8.2500e-03      0.0000      0.0000      0.0000      0.0000
      3.2500     -1.6982     -2.9378  9.7500e-03      0.0000      0.0000      0.0000      0.0000
      3.7500     -1.7680     -3.0586  1.1250e-02      0.0000      0.0000      0.0000      0.0000
      4.2500     -1.8290     -3.1642  1.2750e-02      0.0000      0.0000      0.0000      0.0000
      4.7500     -1.8833     -3.2581  1.4250e-02      0.0000      0.0000      0.0000      0.0000
      5.2500     -1.9321     -3.3425  1.5750e-02      0.0000      0.0000      0.0000      0.0000
      5.7500     -1.9765     -3.4193  1.7250e-02      0.0000      0.0000      0.0000      0.0000
      6.2500     -2.0172     -3.4897  1.8750e-02      0.0000      0.0000      0.0000      0.0000
      6.7500     -2.0547     -3.5546  2.0250e-02      0.0000      0.0000      0.0000      0.0000
      7.2500     -2.0896     -3.6149  2.1750e-02      0.0000      0.0000      0.0000      0.0000
      7.7500     -2.1221     -3.6712  2.3250e-02      0.0000      0.0000      0.0000      0.0000
      8.2500     -2.1526     -3.7240  2.4750e-02      0.0000      0.0000      0.0000      0.0000
      8.7500     -2.1813     -3.7736  2.6250e-02      0.0000      0.0000      0.0000      0.0000
      9.2500     -2.2084     -3.8205  2.7750e-02      0.0000      0.0000      0.0000      0.0000
      9.7500     -2.2341     -3.8649  2.9250e-02      0.0000      0.0000      0.0000      0.0000
     10.2500     -2.2585     -3.9072  3.0750e-02      0.0000      0.0000      0.0000      0.0000
     10.7500     -2.2817     -3.9473  3.2250e-02      0.0000      0.0000      0.0000      0.0000
     11.2500     -2.3039     -3.9857  3.3750e-02      0.0000      0.0000      0.0000      0.0000
     11.7500     -2.3251     -4.0224  3.5250e-02      0.0000      0.0000      0.0000      0.0000
     12.2500     -2.3454     -4.0576  3.6750e-02      0.0000      0.0000      0.0000      0.0000
     12.7500     -2.3649     -4.0913  3.8250e-02      0.0000      0.0000      0.0000      0.0000
     13.2500     -2.3837     -4.1238  3.9750e-02      0.0000      0.0000      0.0000      0.0000
     13.7500     -2.4018     -4.1551  4.1250e-02      0.0000      0.0000      0.0000      0.0000
     14.2500     -2.4192     -4.1852  4.2750e-02      0.0000      0.0000      0.0000      0.0000
     14.7500     -2.4360     -4.2143  4.4250e-02      0.0000      0.0000      0.0000      0.0000
     15.3275     -2.4547     -4.2467  4.5983e-02      0.0000      0.0000      0.0000      0.0000
     15.9883     -2.4753     -4.2823  4.7965e-02      0.0000      0.0000      0.0000      0.0000
     16.6608     -2.4954     -4.3171  4.9982e-02      0.0000      0.0000      0.0000      0.0000
     17.3451     -2.5151     -4.3511  5.2035e-02      0.0000      0.0000      0.0000      0.0000
     18.0415     -2.5343     -4.3843  5.4124e-02      0.0000      0.0000      0.0000      0.0000
     18.7500     -2.5531     -4.4168  5.6250e-02      0.0000      0.0000      0.0000      0.0000
     19.4709     -2.5715     -4.4486  5.8413e-02      0.0000      0.0000      0.0000      0.0000
     20.2044     -2.5895     -4.4798  6.0613e-02      0.0000      0.0000      0.0000      0.0000
     20.9506     -2.6072     -4.5104  6.2852e-02      0.0000      0.0000      0.0000      0.0000
     21.7097     -2.6246     -4.5405  6.5129e-02      0.0000      0.0000      0.0000      0.0000
     22.4818     -2.6416     -4.5700  6.7445e-02      0.0000      0.0000      0.0000      0.0000
     23.2673     -2.6584     -4.5990  6.9802e-02      0.0000      0.0000      0.0000      0.0000
     24.0662     -2.6748     -4.6274  7.2198e-02      0.0000      0.0000      0.0000      0.0000
     24.8787     -2.6910     -4.6555  7.4636e-02      0.0000      0.0000      0.0000      0.0000
     25.7051     -2.7070     -4.6830  7.7115e-02      0.0000      0.0000      0.0000      0.0000
     26.5456     -2.7227     -4.7102  7.9637e-02      0.0000      0.0000      0.0000      0.0000
     27.4002     -2.7381     -4.7369  8.2201e-02      0.0000      0.0000      0.0000      0.0000
     28.2693     -2.7533     -4.7633  8.4808e-02      0.0000      0.0000      0.0000      0.0000
     29.1531     -2.7684     -4.7893  8.7459e-02      0.0000      0.0000      0.0000      0.0000
     30.0517     -2.7832     -4.8149  9.0155e-02      0.0000      0.0000      0.0000      0.0000
     30.9654     -2.7978     -4.8402  9.2896e-02      0.0000      0.0000      0.0000      0.0000
     31.8943     -2.8122     -4.8651  9.5683e-02      0.0000      0.0000      0.0000      0.0000
     32.8387     -2.8264     -4.8897  9.8516e-02      0.0000      0.0000      0.0000      0.0000
     33.7988     -2.8405     -4.9141  1.0140e-01      0.0000      0.0000      0.0000      0.0000
     34.7749     -2.8544     -4.9381  1.0432e-01      0.0000      0.0000      0.0000      0.0000
     35.7670     -2.8681     -4.9618  1.0730e-01      0.0000      0.0000      0.0000      0.0000
     36.7756     -2.8817     -4.9853  1.1033e-01      0.0000      0.0000      0.0000      0.0000
     37.8007     -2.8951     -5.0085  1.1340e-01      0.0000      0.0000      0.0000      0.0000
     38.8427     -2.9083     -5.0314  1.1653e-01      0.0000      0.0000      0.0000      0.0000
     39.9017     -2.9215     -5.0541  1.1970e-01      0.0000      0.0000      0.0000      0.0000
     40.9780     -2.9344     -5.0766  1.2293e-01      0.0000      0.0000      0.0000      0.0000
     42.0718     -2.9473     -5.0988  1.2622e-01      0.0000      0.0000      0.0000      0.0000
     43.1834     -2.9600     -5.1208  1.2955e-01      0.0000      0.0000      0.0000      0.0000
     44.3131     -2.9726     -5.1426  1.3294e-01      0.0000      0.0000      0.0000      0.0000
     45.4610     -2.9851     -5.1642  1.3638e-01      0.0000      0.0000      0.0000      0.0000
     46.6275     -2.9975     -5.1856  1.3988e-01      0.0000      0.0000      0.0000      0.0000
     47.8127     -3.0097     -5.2068  1.4344e-01      0.0000      0.0000      0.0000      0.0000
     49.0170     -3.0218     -5.2278  1.4705e-01      0.0000      0.0000      0.0000      0.0000
     50.2406     -3.0339     -5.2486  1.5072e-01      0.0000      0.0000      0.0000      0.0000
     51.4837     -3.0458     -5.2692  1.5445e-01      0.0000      0.0000      0.0000      0.0000
     52.7467     -3.0576     -5.2897  1.5824e-01      0.0000      0.0000      0.0000      0.0000
     54.0298     -3.0693     -5.3099  1.6209e-01      0.0000      0.0000      0.0000      0.0000
     55.3333     -3.0810     -5.3301  1.6600e-01      0.0000      0.0000      0.0000      0.0000
     56.6575     -3.0925     -5.3500  1.6997e-01      0.0000      0.0000      0.0000      0.0000
     58.0026     -3.1039     -5.3698  1.7401e-01      0.0000      0.0000      0.0000      0.0000
     59.3689     -3.1153     -5.3895  1.7811e-01      0.0000      0.0000      0.0000      0.0000
     60.7568     -3.1266     -5.4090  1.8227e-01      0.0000      0.0000      0.0000      0.0000
     62.1665     -3.1378     -5.4283  1.8650e-01      0.0000      0.0000      0.0000      0.0000
     63.5983     -3.1489     -5.4475  1.9079e-01      0.0000      0.0000      0.0000      0.0000
     65.0525     -3.1599     -5.4666  1.9516e-01      0.0000      0.0000      0.0000      0.0000
     66.5295     -3.1708     -5.4856  1.9959e-01      0.0000      0.0000      0.0000      0.0000
     68.0295     -3.1817     -5.5044  2.0409e-01      0.0000      0.0000      0.0000      0.0000
     69.5528     -3.1925     -5.5231  2.0866e-01      0.0000      0.0000      0.0000      0.0000
     71.0998     -3.2033     -5.5416  2.1330e-01      0.0000      0.0000      0.0000      0.0000
     72.6708     -3.2139     -5.5601  2.1801e-01      0.0000      0.0000      0.0000      0.0000
     74.2661     -3.2245     -5.5784  2.2280e-01      0.0000      0.0000      0.0000      0.0000
     75.8860     -3.2350     -5.5966  2.2766e-01      0.0000      0.0000      0.0000      0.0000
     77.5309     -3.2455     -5.6147  2.3259e-01      0.0000      0.0000      0.0000      0.0000
     79.2011     -3.2559     -5.6327  2.3760e-01      0.0000      0.0000      0.0000      0.0000
     80.8970     -3.2662     -5.6506  2.4269e-01      0.0000      0.0000      0.0000      0.0000
     82.6188     -3.2765     -5.6683  2.4786e-01      0.0000      0.0000      0.0000      0.0000
     84.3670     -3.2867     -5.6860  2.5310e-01      0.0000      0.0000      0.0000      0.0000
     86.1419     -3.2969     -5.7036  2.5843e-01      0.0000      0.0000      0.0000      0.0000
     87.9439     -3.3070     -5.7211  2.6383e-01      0.0000      0.0000      0.0000      0.0000
     89.7733     -3.3170     -5.7384  2.6932e-01      0.0000      0.0000      0.0000      0.0000
     91.6305     -3.3270     -5.7557  2.7489e-01      0.0000      0.0000      0.0000      0.0000
     93.5159     -3.3369     -5.7729  2.8055e-01      0.0000      0.0000      0.0000      0.0000
     95.4298     -3.3468     -5.7900  2.8629e-01      0.0000      0.0000      0.0000      0.0000
     97.3726     -3.3566     -5.8070  2.9212e-01      0.0000      0.0000      0.0000      0.0000
     99.3447     -3.3664     -5.8239  2.9803e-01      0.0000      0.0000      0.0000      0.0000
    101.3466     -3.3762     -5.8408  3.0404e-01      0.0000      0.0000      0.0000      0.0000
    103.3785     -3.3858     -5.8575  3.1014e-01      0.0000      0.0000      0.0000      0.0000
    105.4410     -3.3955     -5.8742  3.1632e-01      0.0000      0.0000      0.0000      0.0000
    107.5343     -3.4051     -5.8908  3.2260e-01      0.0000      0.0000      0.0000      0.0000
    109.6590     -3.4146     -5.9073  3.2898e-01      0.0000      0.0000      0.0000      0.0000
    111.8154     -3.4241     -5.9237  3.3545e-01      0.0000      0.0000      0.0000      0.0000
    114.0040     -3.4336     -5.9401  3.4201e-01      0.0000      0.0000      0.0000      0.0000
    116.2252     -3.4430     -5.9564  3.4868e-01      0.0000      0.0000      0.0000      0.0000
    118.4794     -3.4524     -5.9726  3.5544e-01      0.0000      0.0000      0.0000      0.0000
    120.7671     -3.4617     -5.9887  3.6230e-01      0.0000      0.0000      0.0000      0.0000
    123.0887     -3.4710     -6.0048  3.6927e-01      0.0000      0.0000      0.0000      0.0000
    125.4446     -3.4802     -6.0208  3.7633e-01      0.0000      0.0000      0.0000      0.0000
    127.8353     -3.4894     -6.0367  3.8351e-01      0.0000      0.0000      0.0000      0.0000
    130.2613     -3.4986     -6.0526  3.9078e-01      0.0000      0.0000      0.0000      0.0000
    132.7231     -3.5077     -6.0684  3.9817e-01      0.0000      0.0000      0.0000      0.0000
    135.2210     -3.5168     -6.0841  4.0566e-01      0.0000      0.0000      0.0000      0.0000
    137.7556     -3.5259     -6.0998  4.1327e-01      0.0000      0.0000      0.0000      0.0000
    140.3275     -3.5349     -6.1154  4.2098e-01      0.0000      0.0000      0.0000      0.0000
    142.9369     -3.5439     -6.1309  4.2881e-01      0.0000      0.0000      0.0000      0.0000
    145.5845     -3.5528     -6.1464  4.3675e-01      0.0000      0.0000      0.0000      0.0000
    148.2708     -3.5618     -6.1619  4.4481e-01      0.0000      0.0000      0.0000      0.0000
    150.9963     -3.5707     -6.1772  4.5299e-01      0.0000      0.0000      0.0000      0.0000
    153.7614     -3.5795     -6.1925  4.6128e-01      0.0000      0.0000      0.0000      0.0000
    156.5667     -3.5883     -6.2078  4.6970e-01      0.0000      0.0000      0.0000      0.0000
    159.4128     -3.5971     -6.2230  4.7824e-01      0.0000      0.0000      0.0000      0.0000
    162.3001     -3.6059     -6.2382  4.8690e-01      0.0000      0.0000      0.0000      0.0000
    165.2293     -3.6146     -6.2532  4.9569e-01      0.0000      0.0000      0.0000      0.0000
    168.2008     -3.6233     -6.2683  5.0460e-01      0.0000      0.0000      0.0000      0.0000
    171.2152     -3.6320     -6.2833  5.1365e-01      0.0000      0.0000      0.0000      0.0000
    174.2730     -3.6406     -6.2982  5.2282e-01      0.0000      0.0000      0.0000      0.0000
    177.3749     -3.6492     -6.3131  5.3212e-01      0.0000      0.0000      0.0000      0.0000
    180.5214     -3.6578     -6.3279  5.4156e-01      0.0000      0.0000      0.0000      0.0000
    183.7131     -3.6663     -6.3427  5.5114e-01      0.0000      0.0000      0.0000      0.0000
    186.9506     -3.6748     -6.3575  5.6085e-01      0.0000      0.0000      0.0000      0.0000
    190.2345     -3.6833     -6.3722  5.7070e-01      0.0000      0.0000      0.0000      0.0000
    193.5653     -3.6918     -6.3868  5.8070e-01      0.0000      0.0000      0.0000      0.0000
    196.9438     -3.7002     -6.4014  5.9083e-01      0.0000      0.0000      0.0000      0.0000
    200.3704     -3.7087     -6.4160  6.0111e-01      0.0000      0.0000      0.0000      0.0000
    203.8459     -3.7170     -6.4305  6.1154e-01      0.0000      0.0000      0.0000      0.0000
    207.3709     -3.7254     -6.4450  6.2211e-01      0.0000      0.0000      0.0000      0.0000
    210.9460     -3.7337     -6.4594  6.3284e-01      0.0000      0.0000      0.0000      0.0000
    214.5718     -3.7421     -6.4738  6.4372e-01      0.0000      0.0000      0.0000      0.0000
    218.2491     -3.7504     -6.4881  6.5475e-01      0.0000      0.0000      0.0000      0.0000
    221.9784     -3.7586     -6.5024  6.6594e-01      0.0000      0.0000      0.0000      0.0000
    225.7605     -3.7669     -6.5167  6.7728e-01      0.0000      0.0000      0.0000      0.0000
    229.5961     -3.7751     -6.5309  6.8879e-01      0.0000      0.0000      0.0000      0.0000
    233.4858     -3.7833     -6.5451  7.0046e-01      0.0000      0.0000      0.0000      0.0000
    237.4303     -3.7914     -6.5592  7.1229e-01      0.0000      0.0000      0.0000      0.0000
    241.4304     -3.7996     -6.5733  7.2429e-01      0.0000      0.0000      0.0000      0.0000
    245.4867     -3.8077     -6.5874  7.3646e-01      0.0000      0.0000      0.0000      0.0000
    249.6000     -3.8158     -6.6014  7.4880e-01      0.0000      0.0000      0.0000      0.0000
    253.7710     -3.8239     -6.6154  7.6131e-01      0.0000      0.0000      0.0000      0.0000
    258.0005     -3.8320     -6.6293  7.7400e-01      0.0000      0.0000      0.0000      0.0000
    262.2892     -3.8400     -6.6432  7.8687e-01      0.0000      0.0000      0.0000      0.0000
    266.6379     -3.8480     -6.6571  7.9991e-01      0.0000      0.0000      0.0000      0.0000
    271.0473     -3.8560     -6.6709  8.1314e-01      0.0000      0.0000      0.0000      0.0000
    275.5183     -3.8640     -6.6848  8.2655e-01      0.0000      0.0000      0.0000      0.0000
    280.0515     -3.8720     -6.6985  8.4015e-01      0.0000      0.0000      0.0000      0.0000
    284.6479     -3.8799     -6.7123  8.5394e-01      0.0000      0.0000      0.0000      0.0000
    289.3082     -3.8878     -6.7260  8.6792e-01      0.0000      0.0000      0.0000      0.0000
    294.0332     -3.8957     -6.7396  8.8210e-01      0.0000      0.0000      0.0000      0.0000
    298.8238     -3.9036     -6.7533  8.9647e-01      0.0000      0.0000      0.0000      0.0000
    303.6809     -3.9115     -6.7669  9.1104e-01      0.0000      0.0000      0.0000      0.0000
    308.6051     -3.9193     -6.7805  9.2582e-01      0.0000      0.0000      0.0000      0.0000
    313.5975     -3.9272     -6.7940  9.4079e-01      0.0000      0.0000      0.0000      0.0000
    318.6589     -3.9350     -6.8075  9.5598e-01      0.0000      0.0000      0.0000      0.0000
    323.7901     -3.9428     -6.8210  9.7137e-01      0.0000      0.0000      0.0000      0.0000
    328.9921     -3.9505     -6.8344  9.8698e-01      0.0000      0.0000      0.0000      0.0000
    334.2658     -3.9583     -6.8479  1.0028e+00      0.0000      0.0000      0.0000      0.0000
    339.6121     -3.9660     -6.8613  1.0188e+00      0.0000      0.0000      0.0000      0.0000
    345.0318     -3.9738     -6.8746  1.0351e+00      0.0000      0.0000      0.0000      0.0000
    350.5260     -3.9815     -6.8879  1.0516e+00      0.0000      0.0000      0.0000      0.0000
    356.0955     -3.9892     -6.9013  1.0683e+00      0.0000      0.0000      0.0000      0.0000
    361.7414     -3.9968     -6.9145  1.0852e+00      0.0000      0.0000      0.0000      0.0000
    367.4646     -4.0045     -6.9278  1.1024e+00      0.0000      0.0000      0.0000      0.0000
    373.2661     -4.0121     -6.9410  1.1198e+00      0.0000      0.0000      0.0000      0.0000
    379.1469     -4.0198     -6.9542  1.1374e+00      0.0000      0.0000      0.0000      0.0000
    385.1079     -4.0274     -6.9674  1.1553e+00      0.0000      0.0000      0.0000      0.0000
    391.1503     -4.0350     -6.9805  1.1735e+00      0.0000      0.0000      0.0000      0.0000
    397.2750     -4.0425     -6.9936  1.1918e+00      0.0000      0.0000      0.0000      0.0000
    403.4831     -4.0501     -7.0067  1.2104e+00      0.0000      0.0000      0.0000      0.0000
    409.7756     -4.0577     -7.0197  1.2293e+00      0.0000      0.0000      0.0000      0.0000
    416.1536     -4.0652     -7.0328  1.2485e+00      0.0000      0.0000      0.0000      0.0000
    422.6182     -4.0727     -7.0458  1.2679e+00      0.0000      0.0000      0.0000      0.0000
    429.1705     -4.0802     -7.0588  1.2875e+00      0.0000      0.0000      0.0000      0.0000
    435.8116     -4.0877     -7.0717  1.3074e+00      0.0000      0.0000      0.0000      0.0000
    442.5425     -4.0952     -7.0847  1.3276e+00      0.0000      0.0000      0.0000      0.0000
    449.3645     -4.1026     -7.0976  1.3481e+00      0.0000      0.0000      0.0000      0.0000
    456.2787     -4.1101     -7.1105  1.3688e+00      0.0000      0.0000      0.0000      0.0000
    463.2863     -4.1175     -7.1233  1.3899e+00      0.0000      0.0000      0.0000      0.0000
    470.3883     -4.1249     -7.1362  1.4112e+00      0.0000      0.0000      0.0000      0.0000
    477.5861     -4.1324     -7.1490  1.4328e+00      0.0000      0.0000      0.0000      0.0000

       z    |    ug    |    vg    |    wfls    |    dqtdx    |    dqtdy    |    dqtdt    |    dthldt
#   400
      0.2500     -0.4470     -0.7733  7.5000e-04      0.0000      0.0000      0.0000      0.0000
      0.7500     -0.9829     -1.7004  2.2500e-03      0.0000      0.0000      0.0000      0.0000
      1.2500     -1.2321     -2.1315  3.7500e-03      0.0000      0.0000      0.0000      0.0000
      1.7500     -1.3962     -2.4154  5.2500e-03      0.0000      0.0000      0.0000      0.0000
      2.2500     -1.5188     -2.6275  6.7500e-03      0.0000      0.0000      0.0000      0.0000
      2.7500     -1.6167     -2.7968  8.2500e-03      0.0000      0.0000      0.0000      0.0000
      3.2500     -1.6982     -2.9378  9.7500e-03      0.0000      0.0000      0.0000      0.0000
      3.7500     -1.7680     -3.0586  1.1250e-02      0.0000      0.0000      0.0000      0.0000
      4.2500     -1.8290     -3.1642  1.2750e-02      0.0000      0.0000      0.0000      0.0000
      4.7500     -1.8833     -3.2581  1.4250e-02      0.0000      0.0000      0.0000      0.0000
      5.2500     -1.9321     -3.3425  1.5750e-02      0.0000      0.0000      0.0000      0.0000
      5.7500     -1.9765     -3.4193  1.7250e-02      0.0000      0.0000      0.0000      0.0000
      6.2500     -2.0172     -3.4897  1.8750e-02      0.0000      0.0000      0.0000      0.0000
      6.7500     -2.0547     -3.5546  2.0250e-02      0.0000      0.0000      0.0000      0.0000
      7.2500     -2.0896     -3.6149  2.1750e-02      0.0000      0.0000      0.0000      0.0000
      7.7500     -2.1221     -3.6712  2.3250e-02      0.0000      0.0000      0.0000      0.0000
      8.2500     -2.1526     -3.7240  2.4750e-02      0.0000      0.0000      0.0000      0.0000
      8.7500     -2.1813     -3.7736  2.6250e-02      0.0000      0.0000      0.0000      0.0000
      9.2500     -2.2084     -3.8205  2.7750e-02      0.0000      0.0000      0.0000      0.0000
      9.7500     -2.2341     -3.8649  2.9250e-02      0.0000      0.0000      0.0000      0.0000
     10.2500     -2.2585     -3.9072  3.0750e-02      0.0000      0.0000      0.0000      0.0000
     10.7500     -2.2817     -3.9473  3.2250e-02      0.0000      0.0000      0.0000      0.0000
     11.2500     -2.3039     -3.9857  3.3750e-02      0.0000      0.0000      0.0000      0.0000
     11.7500     -2.3251     -4.0224  3.5250e-02      0.0000      0.0000      0.0000      0.0000
     12.2500     -2.3454     -4.0576  3.6750e-02      0.0000      0.0000      0.0000      0.0000
     12.7500     -2.3649     -4.0913  3.8250e-02      0.0000      0.0000      0.0000      0.0000
     13.2500     -2.3837     -4.1238  3.9750e-02      0.0000      0.0000      0.0000      0.0000
     13.7500     -2.4018     -4.1551  4.1250e-02      0.0000      0.0000      0.0000      0.0000
     14.2500     -2.4192     -4.1852  4.2750e-02      0.0000      0.0000      0.0000      0.0000
     14.7500     -2.4360     -4.2143  4.4250e-02      0.0000      0.0000      0.0000      0.0000
     15.3275     -2.4547     -4.2467  4.5983e-02      0.0000      0.0000      0.0000      0.0000
     15.9883     -2.4753     -4.2823  4.7965e-02      0.0000      0.0000      0.0000      0.0000
     16.6608     -2.4954     -4.3171  4.9982e-02      0.0000      0.0000      0.0000      0.0000
     17.3451     -2.5151     -4.3511  5.2035e-02      0.0000      0.0000      0.0000      0.0000
     18.0415     -2.5343     -4.3843  5.4124e-02      0.0000      0.0000      0.0000      0.0000
     18.7500     -2.5531     -4.4168  5.6250e-02      0.0000      0.0000      0.0000      0.0000
     19.4709     -2.5715     -4.4486  5.8413e-02      0.0000      0.0000      0.0000      0.0000
     20.2044     -2.5895     -4.4798  6.0613e-02      0.0000      0.0000      0.0000      0.0000
     20.9506     -2.6072     -4.5104  6.2852e-02      0.0000      0.0000      0.0000      0.0000
     21.7097     -2.6246     -4.5405  6.5129e-02      0.0000      0.0000      0.0000      0.0000
     22.4818     -2.6416     -4.5700  6.7445e-02      0.0000      0.0000      0.0000      0.0000
     23.2673     -2.6584     -4.5990  6.9802e-02      0.0000      0.0000      0.0000      0.0000
     24.0662     -2.6748     -4.6274  7.2198e-02      0.0000      0.0000      0.0000      0.0000
     24.8787     -2.6910     -4.6555  7.4636e-02      0.0000      0.0000      0.0000      0.0000
     25.7051     -2.7070     -4.6830  7.7115e-02      0.0000      0.0000      0.0000      0.0000
     26.5456     -2.7227     -4.7102  7.9637e-02      0.0000      0.0000      0.0000      0.0000
     27.4002     -2.7381     -4.7369  8.2201e-02      0.0000      0.0000      0.0000      0.0000
     28.2693     -2.7533     -4.7633  8.4808e-02      0.0000      0.0000      0.0000      0.0000
     29.1531     -2.7684     -4.7893  8.7459e-02      0.0000      0.0000      0.0000      0.0000
     30.0517     -2.7832     -4.8149  9.0155e-02      0.0000      0.0000      0.0000      0.0000
     30.9654     -2.7978     -4.8402  9.2896e-02      0.0000      0.0000      0.0000      0.0000
     31.8943     -2.8122     -4.8651  9.5683e-02      0.0000      0.0000      0.0000      0.0000
     32.8387     -2.8264     -4.8897  9.8516e-02      0.0000      0.0000      0.0000      0.0000
     33.7988     -2.8405     -4.9141  1.0140e-01      0.0000      0.0000      0.0000      0.0000
     34.7749     -2.8544     -4.9381  1.0432e-01      0.0000      0.0000      0.0000      0.0000
     35.7670     -2.8681     -4.9618  1.0730e-01      0.0000      0.0000      0.0000      0.0000
     36.7756     -2.8817     -4.9853  1.1033e-01      0.0000      0.0000      0.0000      0.0000
     37.8007     -2.8951     -5.0085  1.1340e-01      0.0000      0.0000      0.0000      0.0000
     38.8427     -2.9083     -5.0314  1.1653e-01      0.0000      0.0000      0.0000      0.0000
     39.9017     -2.9215     -5.0541  1.1970e-01      0.0000      0.0000      0.0000      0.0000
     40.9780     -2.9344     -5.0766  1.2293e-01      0.0000      0.0000      0.0000      0.0000
     42.0718     -2.9473     -5.0988  1.2622e-01      0.0000      0.0000      0.0000      0.0000
     43.1834     -2.9600     -5.1208  1.2955e-01      0.0000      0.0000      0.0000      0.0000
     44.3131     -2.9726     -5.1426  1.3294e-01      0.0000      0.0000      0.0000      0.0000
     45.4610     -2.9851     -5.1642  1.3638e-01      0.0000      0.0000      0.0000      0.0000
     46.6275     -2.9975     -5.1856  1.3988e-01      0.0000      0.0000      0.0000      0.0000
     47.8127     -3.0097     -5.2068  1.4344e-01      0.0000      0.0000      0.0000      0.0000
     49.0170     -3.0218     -5.2278  1.4705e-01      0.0000      0.0000      0.0000      0.0000
     50.2406     -3.0339     -5.2486  1.5072e-01      0.0000      0.0000      0.0000      0.0000
     51.4837     -3.0458     -5.2692  1.5445e-01      0.0000      0.0000      0.0000      0.0000
     52.7467     -3.0576     -5.2897  1.5824e-01      0.0000      0.0000      0.0000      0.0000
     54.0298     -3.0693     -5.3099  1.6209e-01      0.0000      0.0000      0.0000      0.0000
     55.3333     -3.0810     -5.3301  1.6600e-01      0.0000      0.0000      0.0000      0.0000
     56.6575     -3.0925     -5.3500  1.6997e-01      0.0000      0.0000      0.0000      0.0000
     58.0026     -3.1039     -5.3698  1.7401e-01      0.0000      0.0000      0.0000      0.0000
     59.3689     -3.1153     -5.3895  1.7811e-01      0.0000      0.0000      0.0000      0.0000
     60.7568     -3.1266     -5.4090  1.8227e-01      0.0000      0.0000      0.0000      0.0000
     62.1665     -3.1378     -5.4283  1.8650e-01      0.0000      0.0000      0.0000      0.0000
     63.5983     -3.1489     -5.4475  1.9079e-01      0.0000      0.0000      0.0000      0.0000
     65.0525     -3.1599     -5.4666  1.9516e-01      0.0000      0.0000      0.0000      0.0000
     66.5295     -3.1708     -5.4856  1.9959e-01      0.0000      0.0000      0.0000      0.0000
     68.0295     -3.1817     -5.5044  2.0409e-01      0.0000      0.0000      0.0000      0.0000
     69.5528     -3.1925     -5.5231  2.0866e-01      0.0000      0.0000      0.0000      0.0000
     71.0998     -3.2033     -5.5416  2.1330e-01      0.0000      0.0000      0.0000      0.0000
     72.6708     -3.2139     -5.5601  2.1801e-01      0.0000      0.0000      0.0000      0.0000
     74.2661     -3.2245     -5.5784  2.2280e-01      0.0000      0.0000      0.0000      0.0000
     75.8860     -3.2350     -5.5966  2.2766e-01      0.0000      0.0000      0.0000      0.0000
     77.5309     -3.2455     -5.6147  2.3259e-01      0.0000      0.0000      0.0000      0.0000
     79.2011     -3.2559     -5.6327  2.3760e-01      0.0000      0.0000      0.0000      0.0000
     80.8970     -3.2662     -5.6506  2.4269e-01      0.0000      0.0000      0.0000      0.0000
     82.6188     -3.2765     -5.6683  2.4786e-01      0.0000      0.0000      0.0000      0.0000
     84.3670     -3.2867     -5.6860  2.5310e-01      0.0000      0.0000      0.0000      0.0000
     86.1419     -3.2969     -5.7036  2.5843e-01      0.0000      0.0000      0.0000      0.0000
     87.9439     -3.3070     -5.7211  2.6383e-01      0.0000      0.0000      0.0000      0.0000
     89.7733     -3.3170     -5.7384  2.6932e-01      0.0000      0.0000      0.0000      0.0000
     91.6305     -3.3270     -5.7557  2.7489e-01      0.0000      0.0000      0.0000      0.0000
     93.5159     -3.3369     -5.7729  2.8055e-01      0.0000      0.0000      0.0000      0.0000
     95.4298     -3.3468     -5.7900  2.8629e-01      0.0000      0.0000      0.0000      0.0000
     97.3726     -3.3566     -5.8070  2.9212e-01      0.0000      0.0000      0.0000      0.0000
     99.3447     -3.3664     -5.8239  2.9803e-01      0.0000      0.0000      0.0000      0.0000
    101.3466     -3.3762     -5.8408  3.0404e-01      0.0000      0.0000      0.0000      0.0000
    103.3785     -3.3858     -5.8575  3.1014e-01      0.0000      0.0000      0.0000      0.0000
    105.4410     -3.3955     -5.8742  3.1632e-01      0.0000      0.0000      0.0000      0.0000
    107.5343     -3.4051     -5.8908  3.2260e-01      0.0000      0.0000      0.0000      0.0000
    109.6590     -3.4146     -5.9073  3.2898e-01      0.0000      0.0000      0.0000      0.0000
    111.8154     -3.4241     -5.9237  3.3545e-01      0.0000      0.0000      0.0000      0.0000
    114.0040     -3.4336     -5.9401  3.4201e-01      0.0000      0.0000      0.0000      0.0000
    116.2252     -3.4430     -5.9564  3.4868e-01      0.0000      0.0000      0.0000      0.0000
    118.4794     -3.4524     -5.9726  3.5544e-01      0.0000      0.0000      0.0000      0.0000
    120.7671     -3.4617     -5.9887  3.6230e-01      0.0000      0.0000      0.0000      0.0000
    123.0887     -3.4710     -6.0048  3.6927e-01      0.0000      0.0000      0.0000      0.0000
    125.4446     -3.4802     -6.0208  3.7633e-01      0.0000      0.0000      0.0000      0.0000
    127.8353     -3.4894     -6.0367  3.8351e-01      0.0000      0.0000      0.0000      0.0000
    130.2613     -3.4986     -6.0526  3.9078e-01      0.0000      0.0000      0.0000      0.0000
    132.7231     -3.5077     -6.0684  3.9817e-01      0.0000      0.0000      0.0000      0.0000
    135.2210     -3.5168     -6.0841  4.0566e-01      0.0000      0.0000      0.0000      0.0000
    137.7556     -3.5259     -6.0998  4.1327e-01      0.0000      0.0000      0.0000      0.0000
    140.3275     -3.5349     -6.1154  4.2098e-01      0.0000      0.0000      0.0000      0.0000
    142.9369     -3.5439     -6.1309  4.2881e-01      0.0000      0.0000      0.0000      0.0000
    145.5845     -3.5528     -6.1464  4.3675e-01      0.0000      0.0000      0.0000      0.0000
    148.2708     -3.5618     -6.1619  4.4481e-01      0.0000      0.0000      0.0000      0.0000
    150.9963     -3.5707     -6.1772  4.5299e-01      0.0000      0.0000      0.0000      0.0000
    153.7614     -3.5795     -6.1925  4.6128e-01      0.0000      0.0000      0.0000      0.0000
    156.5667     -3.5883     -6.2078  4.6970e-01      0.0000      0.0000      0.0000      0.0000
    159.4128     -3.5971     -6.2230  4.7824e-01      0.0000      0.0000      0.0000      0.0000
    162.3001     -3.6059     -6.2382  4.8690e-01      0.0000      0.0000      0.0000      0.0000
    165.2293     -3.6146     -6.2532  4.9569e-01      0.0000      0.0000      0.0000      0.0000
    168.2008     -3.6233     -6.2683  5.0460e-01      0.0000      0.0000      0.0000      0.0000
    171.2152     -3.6320     -6.2833  5.1365e-01      0.0000      0.0000      0.0000      0.0000
    174.2730     -3.6406     -6.2982  5.2282e-01      0.0000      0.0000      0.0000      0.0000
    177.3749     -3.6492     -6.3131  5.3212e-01      0.0000      0.0000      0.0000      0.0000
    180.5214     -3.6578     -6.3279  5.4156e-01      0.0000      0.0000      0.0000      0.0000
    183.7131     -3.6663     -6.3427  5.5114e-01      0.0000      0.0000      0.0000      0.0000
    186.9506     -3.6748     -6.3575  5.6085e-01      0.0000      0.0000      0.0000      0.0000
    190.2345     -3.6833     -6.3722  5.7070e-01      0.0000      0.0000      0.0000      0.0000
    193.5653     -3.6918     -6.3868  5.8070e-01      0.0000      0.0000      0.0000      0.0000
    196.9438     -3.7002     -6.4014  5.9083e-01      0.0000      0.0000      0.0000      0.0000
    200.3704     -3.7087     -6.4160  6.0111e-01      0.0000      0.0000      0.0000      0.0000
    203.8459     -3.7170     -6.4305  6.1154e-01      0.0000      0.0000      0.0000      0.0000
    207.3709     -3.7254     -6.4450  6.2211e-01      0.0000      0.0000      0.0000      0.0000
    210.9460     -3.7337     -6.4594  6.3284e-01      0.0000      0.0000      0.0000      0.0000
    214.5718     -3.7421     -6.4738  6.4372e-01      0.0000      0.0000      0.0000      0.0000
    218.2491     -3.7504     -6.4881  6.5475e-01      0.0000      0.0000      0.0000      0.0000
    221.9784     -3.7586     -6.5024  6.6594e-01      0.0000      0.0000      0.0000      0.0000
    225.7605     -3.7669     -6.5167  6.7728e-01      0.0000      0.0000      0.0000      0.0000
    229.5961     -3.7751     -6.5309  6.8879e-01      0.0000      0.0000      0.0000      0.0000
    233.4858     -3.7833     -6.5451  7.0046e-01      0.0000      0.0000      0.0000      0.0000
    237.4303     -3.7914     -6.5592  7.1229e-01      0.0000      0.0000      0.0000      0.0000
    241.4304     -3.7996     -6.5733  7.2429e-01      0.0000      0.0000      0.0000      0.0000
    245.4867     -3.8077     -6.5874  7.3646e-01      0.0000      0.0000      0.0000      0.0000
    249.6000     -3.8158     -6.6014  7.4880e-01      0.0000      0.0000      0.0000      0.0000
    253.7710     -3.8239     -6.6154  7.6131e-01      0.0000      0.0000      0.0000      0.0000
    258.0005     -3.8320     -6.6293  7.7400e-01      0.0000      0.0000      0.0000      0.0000
    262.2892     -3.8400     -6.6432  7.8687e-01      0.0000      0.0000      0.0000      0.0000
    266.6379     -3.8480     -6.6571  7.9991e-01      0.0000      0.0000      0.0000      0.0000
    271.0473     -3.8560     -6.6709  8.1314e-01      0.0000      0.0000      0.0000      0.0000
    275.5183     -3.8640     -6.6848  8.2655e-01      0.0000      0.0000      0.0000      0.0000
    280.0515     -3.8720     -6.6985  8.4015e-01      0.0000      0.0000      0.0000      0.0000
    284.6479     -3.8799     -6.7123  8.5394e-01      0.0000      0.0000      0.0000      0.0000
    289.3082     -3.8878     -6.7260  8.6792e-01      0.0000      0.0000      0.0000      0.0000
    294.0332     -3.8957     -6.7396  8.8210e-01      0.0000      0.0000      0.0000      0.0000
    298.8238     -3.9036     -6.7533  8.9647e-01      0.0000      0.0000      0.0000      0.0000
    303.6809     -3.9115     -6.7669  9.1104e-01      0.0000      0.0000      0.0000      0.0000
    308.6051     -3.9193     -6.7805  9.2582e-01      0.0000      0.0000      0.0000      0.0000
    313.5975     -3.9272     -6.7940  9.4079e-01      0.0000      0.0000      0.0000      0.0000
    318.6589     -3.9350     -6.8075  9.5598e-01      0.0000      0.0000      0.0000      0.0000
    323.7901     -3.9428     -6.8210  9.7137e-01      0.0000      0.0000      0.0000      0.0000
    328.9921     -3.9505     -6.8344  9.8698e-01      0.0000      0.0000      0.0000      0.0000
    334.2658     -3.9583     -6.8479  1.0028e+00      0.0000      0.0000      0.0000      0.0000
    339.6121     -3.9660     -6.8613  1.0188e+00      0.0000      0.0000      0.0000      0.0000
    345.0318     -3.9738     -6.8746  1.0351e+00      0.0000      0.0000      0.0000      0.0000
    350.5260     -3.9815     -6.8879  1.0516e+00      0.0000      0.0000      0.0000      0.0000
    356.0955     -3.9892     -6.9013  1.0683e+00      0.0000      0.0000      0.0000      0.0000
    361.7414     -3.9968     -6.9145  1.0852e+00      0.0000      0.0000      0.0000      0.0000
    367.4646     -4.0045     -6.9278  1.1024e+00      0.0000      0.0000      0.0000      0.0000
    373.2661     -4.0121     -6.9410  1.1198e+00      0.0000      0.0000      0.0000      0.0000
    379.1469     -4.0198     -6.9542  1.1374e+00      0.0000      0.0000      0.0000      0.0000
    385.1079     -4.0274     -6.9674  1.1553e+00      0.0000      0.0000      0.0000      0.0000
    391.1503     -4.0350     -6.9805  1.1735e+00      0.0000      0.0000      0.0000      0.0000
    397.2750     -4.0425     -6.9936  1.1918e+00      0.0000      0.0000      0.0000      0.0000
    403.4831     -4.0501     -7.0067  1.2104e+00      0.0000      0.0000      0.0000      0.0000
    409.7756     -4.0577     -7.0197  1.2293e+00      0.0000      0.0000      0.0000      0.0000
    416.1536     -4.0652     -7.0328  1.2485e+00      0.0000      0.0000      0.0000      0.0000
    422.6182     -4.0727     -7.0458  1.2679e+00      0.0000      0.0000      0.0000      0.0000
    429.1705     -4.0802     -7.0588  1.2875e+00      0.0000      0.0000      0.0000      0.0000
    435.8116     -4.0877     -7.0717  1.3074e+00      0.0000      0.0000      0.0000      0.0000
    442.5425     -4.0952     -7.0847  1.3276e+00      0.0000      0.0000      0.0000      0.0000
    449.3645     -4.1026     -7.0976  1.3481e+00      0.0000      0.0000      0.0000      0.0000
    456.2787     -4.1101     -7.1105  1.3688e+00      0.0000      0.0000      0.0000      0.0000
    463.2863     -4.1175     -7.1233  1.3899e+00      0.0000      0.0000      0.0000      0.0000
    470.3883     -4.1249     -7.1362  1.4112e+00      0.0000      0.0000      0.0000      0.0000
    477.5861     -4.1324     -7.1490  1.4328e+00      0.0000      0.0000      0.0000      0.0000

       z    |    ug    |    vg    |    wfls    |    dqtdx    |    dqtdy    |    dqtdt    |    dthldt
#   1800
      0.2500     -0.4470     -0.7733  7.5000e-04      0.0000      0.0000      0.0000      0.0000
      0.7500     -0.9829     -1.7004  2.2500e-03      0.0000      0.0000      0.0000      0.0000
      1.2500     -1.2321     -2.1315  3.7500e-03      0.0000      0.0000      0.0000      0.0000
      1.7500     -1.3962     -2.4154  5.2500e-03      0.0000      0.0000      0.0000      0.0000
      2.2500     -1.5188     -2.6275  6.7500e-03      0.0000      0.0000      0.0000      0.0000
      2.7500     -1.6167     -2.7968  8.2500e-03      0.0000      0.0000      0.0000      0.0000
      3.2500     -1.6982     -2.9378  9.7500e-03      0.0000      0.0000      0.0000      0.0000
      3.7500     -1.7680     -3.0586  1.1250e-02      0.0000      0.0000      0.0000      0.0000
      4.2500     -1.8290     -3.1642  1.2750e-02      0.0000      0.0000      0.0000      0.0000
      4.7500     -1.8833     -3.2581  1.4250e-02      0.0000      0.0000      0.0000      0.0000
      5.2500     -1.9321     -3.3425  1.5750e-02      0.0000      0.0000      0.0000      0.0000
      5.7500     -1.9765     -3.4193  1.7250e-02      0.0000      0.0000      0.0000      0.0000
      6.2500     -2.0172     -3.4897  1.8750e-02      0.0000      0.0000      0.0000      0.0000
      6.7500     -2.0547     -3.5546  2.0250e-02      0.0000      0.0000      0.0000      0.0000
      7.2500     -2.0896     -3.6149  2.1750e-02      0.0000      0.0000      0.0000      0.0000
      7.7500     -2.1221     -3.6712  2.3250e-02      0.0000      0.0000      0.0000      0.0000
      8.2500     -2.1526     -3.7240  2.4750e-02      0.0000      0.0000      0.0000      0.0000
      8.7500     -2.1813     -3.7736  2.6250e-02      0.0000      0.0000      0.0000      0.0000
      9.2500     -2.2084     -3.8205  2.7750e-02      0.0000      0.0000      0.0000      0.0000
      9.7500     -2.2341     -3.8649  2.9250e-02      0.0000      0.0000      0.0000      0.0000
     10.2500     -2.2585     -3.9072  3.0750e-02      0.0000      0.0000      0.0000      0.0000
     10.7500     -2.2817     -3.9473  3.2250e-02      0.0000      0.0000      0.0000      0.0000
     11.2500     -2.3039     -3.9857  3.3750e-02      0.0000      0.0000      0.0000      0.0000
     11.7500     -2.3251     -4.0224  3.5250e-02      0.0000      0.0000      0.0000      0.0000
     12.2500     -2.3454     -4.0576  3.6750e-02      0.0000      0.0000      0.0000      0.0000
     12.7500     -2.3649     -4.0913  3.8250e-02      0.0000      0.0000      0.0000      0.0000
     13.2500     -2.3837     -4.1238  3.9750e-02      0.0000      0.0000      0.0000      0.0000
     13.7500     -2.4018     -4.1551  4.1250e-02      0.0000      0.0000      0.0000      0.0000
     14.2500     -2.4192     -4.1852  4.2750e-02      0.0000      0.0000      0.0000      0.0000
     14.7500     -2.4360     -4.2143  4.4250e-02      0.0000      0.0000      0.0000      0.0000
     15.3275     -2.4547     -4.2467  4.5983e-02      0.0000      0.0000      0.0000      0.0000
     15.9883     -2.4753     -4.2823  4.7965e-02      0.0000      0.0000      0.0000      0.0000
     16.6608     -2.4954     -4.3171  4.9982e-02      0.0000      0.0000      0.0000      0.0000
     17.3451     -2.5151     -4.3511  5.2035e-02      0.0000      0.0000      0.0000      0.0000
     18.0415     -2.5343     -4.3843  5.4124e-02      0.0000      0.0000      0.0000      0.0000
     18.7500     -2.5531     -4.4168  5.6250e-02      0.0000      0.0000      0.0000      0.0000
     19.4709     -2.5715     -4.4486  5.8413e-02      0.0000      0.0000      0.0000      0.0000
     20.2044     -2.5895     -4.4798  6.0613e-02      0.0000      0.0000      0.0000      0.0000
     20.9506     -2.6072     -4.5104  6.2852e-02      0.0000      0.0000      0.0000      0.0000
     21.7097     -2.6246     -4.5405  6.5129e-02      0.0000      0.0000      0.0000      0.0000
     22.4818     -2.6416     -4.5700  6.7445e-02      0.0000      0.0000      0.0000      0.0000
     23.2673     -2.6584     -4.5990  6.9802e-02      0.0000      0.0000      0.0000      0.0000
     24.0662     -2.6748     -4.6274  7.2198e-02      0.0000      0.0000      0.0000      0.0000
     24.8787     -2.6910     -4.6555  7.4636e-02      0.0000      0.0000      0.0000      0.0000
     25.7051     -2.7070     -4.6830  7.7115e-02      0.0000      0.0000      0.0000      0.0000
     26.5456     -2.7227     -4.7102  7.9637e-02      0.0000      0.0000      0.0000      0.0000
     27.4002     -2.7381     -4.7369  8.2201e-02      0.0000      0.0000      0.0000      0.0000
     28.2693     -2.7533     -4.7633  8.4808e-02      0.0000      0.0000      0.0000      0.0000
     29.1531     -2.7684     -4.7893  8.7459e-02      0.0000      0.0000      0.0000      0.0000
     30.0517     -2.7832     -4.8149  9.0155e-02      0.0000      0.0000      0.0000      0.0000
     30.9654     -2.7978     -4.8402  9.2896e-02      0.0000      0.0000      0.0000      0.0000
     31.8943     -2.8122     -4.8651  9.5683e-02      0.0000      0.0000      0.0000      0.0000
     32.8387     -2.8264     -4.8897  9.8516e-02      0.0000      0.0000      0.0000      0.0000
     33.7988     -2.8405     -4.9141  1.0140e-01      0.0000      0.0000      0.0000      0.0000
     34.7749     -2.8544     -4.9381  1.0432e-01      0.0000      0.0000      0.0000      0.0000
     35.7670     -2.8681     -4.9618  1.0730e-01      0.0000      0.0000      0.0000      0.0000
     36.7756     -2.8817     -4.9853  1.1033e-01      0.0000      0.0000      0.0000      0.0000
     37.8007     -2.8951     -5.0085  1.1340e-01      0.0000      0.0000      0.0000      0.0000
     38.8427     -2.9083     -5.0314  1.1653e-01      0.0000      0.0000      0.0000      0.0000
     39.9017     -2.9215     -5.0541  1.1970e-01      0.0000      0.0000      0.0000      0.0000
     40.9780     -2.9344     -5.0766  1.2293e-01      0.0000      0.0000      0.0000      0.0000
     42.0718     -2.9473     -5.0988  1.2622e-01      0.0000      0.0000      0.0000      0.0000
     43.1834     -2.9600     -5.1208  1.2955e-01      0.0000      0.0000      0.0000      0.0000
     44.3131     -2.9726     -5.1426  1.3294e-01      0.0000      0.0000      0.0000      0.0000
     45.4610     -2.9851     -5.1642  1.3638e-01      0.0000      0.0000      0.0000      0.0000
     46.6275     -2.9975     -5.1856  1.3988e-01      0.0000      0.0000      0.0000      0.0000
     47.8127     -3.0097     -5.2068  1.4344e-01      0.0000      0.0000      0.0000      0.0000
     49.0170     -3.0218     -5.2278  1.4705e-01      0.0000      0.0000      0.0000      0.0000
     50.2406     -3.0339     -5.2486  1.5072e-01      0.0000      0.0000      0.0000      0.0000
     51.4837     -3.0458     -5.2692  1.5445e-01      0.0000      0.0000      0.0000      0.0000
     52.7467     -3.0576     -5.2897  1.5824e-01      0.0000      0.0000      0.0000      0.0000
     54.0298     -3.0693     -5.3099  1.6209e-01      0.0000      0.0000      0.0000      0.0000
     55.3333     -3.0810     -5.3301  1.6600e-01      0.0000      0.0000      0.0000      0.0000
     56.6575     -3.0925     -5.3500  1.6997e-01      0.0000      0.0000      0.0000      0.0000
     58.0026     -3.1039     -5.3698  1.7401e-01      0.0000      0.0000      0.0000      0.0000
     59.3689     -3.1153     -5.3895  1.7811e-01      0.0000      0.0000      0.0000      0.0000
     60.7568     -3.1266     -5.4090  1.8227e-01      0.0000      0.0000      0.0000      0.0000
     62.1665     -3.1378     -5.4283  1.8650e-01      0.0000      0.0000      0.0000      0.0000
     63.5983     -3.1489     -5.4475  1.9079e-01      0.0000      0.0000      0.0000      0.0000
     65.0525     -3.1599     -5.4666  1.9516e-01      0.0000      0.0000      0.0000      0.0000
     66.5295     -3.1708     -5.4856  1.9959e-01      0.0000      0.0000      0.0000      0.0000
     68.0295     -3.1817     -5.5044  2.0409e-01      0.0000      0.0000      0.0000      0.0000
     69.5528     -3.1925     -5.5231  2.0866e-01      0.0000      0.0000      0.0000      0.0000
     71.0998     -3.2033     -5.5416  2.1330e-01      0.0000      0.0000      0.0000      0.0000
     72.6708     -3.2139     -5.5601  2.1801e-01      0.0000      0.0000      0.0000      0.0000
     74.2661     -3.2245     -5.5784  2.2280e-01      0.0000      0.0000      0.0000      0.0000
     75.8860     -3.2350     -5.5966  2.2766e-01      0.0000      0.0000      0.0000      0.0000
     77.5309     -3.2455     -5.6147  2.3259e-01      0.0000      0.0000      0.0000      0.0000
     79.2011     -3.2559     -5.6327  2.3760e-01      0.0000      0.0000      0.0000      0.0000
     80.8970     -3.2662     -5.6506  2.4269e-01      0.0000      0.0000      0.0000      0.0000
     82.6188     -3.2765     -5.6683  2.4786e-01      0.0000      0.0000      0.0000      0.0000
     84.3670     -3.2867     -5.6860  2.5310e-01      0.0000      0.0000      0.0000      0.0000
     86.1419     -3.2969     -5.7036  2.5843e-01      0.0000      0.0000      0.0000      0.0000
     87.9439     -3.3070     -5.7211  2.6383e-01      0.0000      0.0000      0.0000      0.0000
     89.7733     -3.3170     -5.7384  2.6932e-01      0.0000      0.0000      0.0000      0.0000
     91.6305     -3.3270     -5.7557  2.7489e-01      0.0000      0.0000      0.0000      0.0000
     93.5159     -3.3369     -5.7729  2.8055e-01      0.0000      0.0000      0.0000      0.0000
     95.4298     -3.3468     -5.7900  2.8629e-01      0.0000      0.0000      0.0000      0.0000
     97.3726     -3.3566     -5.8070  2.9212e-01      0.0000      0.0000      0.0000      0.0000
     99.3447     -3.3664     -5.8239  2.9803e-01      0.0000      0.0000      0.0000      0.0000
    101.3466     -3.3762     -5.8408  3.0404e-01      0.0000      0.0000      0.0000      0.0000
    103.3785     -3.3858     -5.8575  3.1014e-01      0.0000      0.0000      0.0000      0.0000
    105.4410     -3.3955     -5.8742  3.1632e-01      0.0000      0.0000      0.0000      0.0000
    107.5343     -3.4051     -5.8908  3.2260e-01      0.0000      0.0000      0.0000      0.0000
    109.6590     -3.4146     -5.9073  3.2898e-01      0.0000      0.0000      0.0000      0.0000
    111.8154     -3.4241     -5.9237  3.3545e-01      0.0000      0.0000      0.0000      0.0000
    114.0040     -3.4336     -5.9401  3.4201e-01      0.0000      0.0000      0.0000      0.0000
    116.2252     -3.4430     -5.9564  3.4868e-01      0.0000      0.0000      0.0000      0.0000
    118.4794     -3.4524     -5.9726  3.5544e-01      0.0000      0.0000      0.0000      0.0000
    120.7671     -3.4617     -5.9887  3.6230e-01      0.0000      0.0000      0.0000      0.0000
    123.0887     -3.4710     -6.0048  3.6927e-01      0.0000      0.0000      0.0000      0.0000
    125.4446     -3.4802     -6.0208  3.7633e-01      0.0000      0.0000      0.0000      0.0000
    127.8353     -3.4894     -6.0367  3.8351e-01      0.0000      0.0000      0.0000      0.0000
    130.2613     -3.4986     -6.0526  3.9078e-01      0.0000      0.0000      0.0000      0.0000
    132.7231     -3.5077     -6.0684  3.9817e-01      0.0000      0.0000      0.0000      0.0000
    135.2210     -3.5168     -6.0841  4.0566e-01      0.0000      0.0000      0.0000      0.0000
    137.7556     -3.5259     -6.0998  4.1327e-01      0.0000      0.0000      0.0000      0.0000
    140.3275     -3.5349     -6.1154  4.2098e-01      0.0000      0.0000      0.0000      0.0000
    142.9369     -3.5439     -6.1309  4.2881e-01      0.0000      0.0000      0.0000      0.0000
    145.5845     -3.5528     -6.1464  4.3675e-01      0.0000      0.0000      0.0000      0.0000
    148.2708     -3.5618     -6.1619  4.4481e-01      0.0000      0.0000      0.0000      0.0000
    150.9963     -3.5707     -6.1772  4.5299e-01      0.0000      0.0000      0.0000      0.0000
    153.7614     -3.5795     -6.1925  4.6128e-01      0.0000      0.0000      0.0000      0.0000
    156.5667     -3.5883     -6.2078  4.6970e-01      0.0000      0.0000      0.0000      0.0000
    159.4128     -3.5971     -6.2230  4.7824e-01      0.0000      0.0000      0.0000      0.0000
    162.3001     -3.6059     -6.2382  4.8690e-01      0.0000      0.0000      0.0000      0.0000
    165.2293     -3.6146     -6.2532  4.9569e-01      0.0000      0.0000      0.0000      0.0000
    168.2008     -3.6233     -6.2683  5.0460e-01      0.0000      0.0000      0.0000      0.0000
    171.2152     -3.6320     -6.2833  5.1365e-01      0.0000      0.0000      0.0000      0.0000
    174.2730     -3.6406     -6.2982  5.2282e-01      0.0000      0.0000      0.0000      0.0000
    177.3749     -3.6492     -6.3131  5.3212e-01      0.0000      0.0000      0.0000      0.0000
    180.5214     -3.6578     -6.3279  5.4156e-01      0.0000      0.0000      0.0000      0.0000
    183.7131     -3.6663     -6.3427  5.5114e-01      0.0000      0.0000      0.0000      0.0000
    186.9506     -3.6748     -6.3575  5.6085e-01      0.0000      0.0000      0.0000      0.0000
    190.2345     -3.6833     -6.3722  5.7070e-01      0.0000      0.0000      0.0000      0.0000
    193.5653     -3.6918     -6.3868  5.8070e-01      0.0000      0.0000      0.0000      0.0000
    196.9438     -3.7002     -6.4014  5.9083e-01      0.0000      0.0000      0.0000      0.0000
    200.3704     -3.7087     -6.4160  6.0111e-01      0.0000      0.0000      0.0000      0.0000
    203.8459     -3.7170     -6.4305  6.1154e-01      0.0000      0.0000      0.0000      0.0000
    207.3709     -3.7254     -6.4450  6.2211e-01      0.0000      0.0000      0.0000      0.0000
    210.9460     -3.7337     -6.4594  6.3284e-01      0.0000      0.0000      0.0000      0.0000
    214.5718     -3.7421     -6.4738  6.4372e-01      0.0000      0.0000      0.0000      0.0000
    218.2491     -3.7504     -6.4881  6.5475e-01      0.0000      0.0000      0.0000      0.0000
    221.9784     -3.7586     -6.5024  6.6594e-01      0.0000      0.0000      0.0000      0.0000
    225.7605     -3.7669     -6.5167  6.7728e-01      0.0000      0.0000      0.0000      0.0000
    229.5961     -3.7751     -6.5309  6.8879e-01      0.0000      0.0000      0.0000      0.0000
    233.4858     -3.7833     -6.5451  7.0046e-01      0.0000      0.0000      0.0000      0.0000
    237.4303     -3.7914     -6.5592  7.1229e-01      0.0000      0.0000      0.0000      0.0000
    241.4304     -3.7996     -6.5733  7.2429e-01      0.0000      0.0000      0.0000      0.0000
    245.4867     -3.8077     -6.5874  7.3646e-01      0.0000      0.0000      0.0000      0.0000
    249.6000     -3.8158     -6.6014  7.4880e-01      0.0000      0.0000      0.0000      0.0000
    253.7710     -3.8239     -6.6154  7.6131e-01      0.0000      0.0000      0.0000      0.0000
    258.0005     -3.8320     -6.6293  7.7400e-01      0.0000      0.0000      0.0000      0.0000
    262.2892     -3.8400     -6.6432  7.8687e-01      0.0000      0.0000      0.0000      0.0000
    266.6379     -3.8480     -6.6571  7.9991e-01      0.0000      0.0000      0.0000      0.0000
    271.0473     -3.8560     -6.6709  8.1314e-01      0.0000      0.0000      0.0000      0.0000
    275.5183     -3.8640     -6.6848  8.2655e-01      0.0000      0.0000      0.0000      0.0000
    280.0515     -3.8720     -6.6985  8.4015e-01      0.0000      0.0000      0.0000      0.0000
    284.6479     -3.8799     -6.7123  8.5394e-01      0.0000      0.0000      0.0000      0.0000
    289.3082     -3.8878     -6.7260  8.6792e-01      0.0000      0.0000      0.0000      0.0000
    294.0332     -3.8957     -6.7396  8.8210e-01      0.0000      0.0000      0.0000      0.0000
    298.8238     -3.9036     -6.7533  8.9647e-01      0.0000      0.0000      0.0000      0.0000
    303.6809     -3.9115     -6.7669  9.1104e-01      0.0000      0.0000      0.0000      0.0000
    308.6051     -3.9193     -6.7805  9.2582e-01      0.0000      0.0000      0.0000      0.0000
    313.5975     -3.9272     -6.7940  9.4079e-01      0.0000      0.0000      0.0000      0.0000
    318.6589     -3.9350     -6.8075  9.5598e-01      0.0000      0.0000      0.0000      0.0000
    323.7901     -3.9428     -6.8210  9.7137e-01      0.0000      0.0000      0.0000      0.0000
    328.9921     -3.9505     -6.8344  9.8698e-01      0.0000      0.0000      0.0000      0.0000
    334.2658     -3.9583     -6.8479  1.0028e+00      0.0000      0.0000      0.0000      0.0000
    339.6121     -3.9660     -6.8613  1.0188e+00      0.0000      0.0000      0.0000      0.0000
    345.0318     -3.9738     -6.8746  1.0351e+00      0.0000      0.0000      0.0000      0.0000
    350.5260     -3.9815     -6.8879  1.0516e+00      0.0000      0.0000      0.0000      0.0000
    356.0955     -3.9892     -6.9013  1.0683e+00      0.0000      0.0000      0.0000      0.0000
    361.7414     -3.9968     -6.9145  1.0852e+00      0.0000      0.0000      0.0000      0.0000
    367.4646     -4.0045     -6.9278  1.1024e+00      0.0000      0.0000      0.0000      0.0000
    373.2661     -4.0121     -6.9410  1.1198e+00      0.0000      0.0000      0.0000      0.0000
    379.1469     -4.0198     -6.9542  1.1374e+00      0.0000      0.0000      0.0000      0.0000
    385.1079     -4.0274     -6.9674  1.1553e+00      0.0000      0.0000      0.0000      0.0000
    391.1503     -4.0350     -6.9805  1.1735e+00      0.0000      0.0000      0.0000      0.0000
    397.2750     -4.0425     -6.9936  1.1918e+00      0.0000      0.0000      0.0000      0.0000
    403.4831     -4.0501     -7.0067  1.2104e+00      0.0000      0.0000      0.0000      0.0000
    409.7756     -4.0577     -7.0197  1.2293e+00      0.0000      0.0000      0.0000      0.0000
    416.1536     -4.0652     -7.0328  1.2485e+00      0.0000      0.0000      0.0000      0.0000
    422.6182     -4.0727     -7.0458  1.2679e+00      0.0000      0.0000      0.0000      0.0000
    429.1705     -4.0802     -7.0588  1.2875e+00      0.0000      0.0000      0.0000      0.0000
    435.8116     -4.0877     -7.0717  1.3074e+00      0.0000      0.0000      0.0000      0.0000
    442.5425     -4.0952     -7.0847  1.3276e+00      0.0000      0.0000      0.0000      0.0000
    449.3645     -4.1026     -7.0976  1.3481e+00      0.0000      0.0000      0.0000      0.0000
    456.2787     -4.1101     -7.1105  1.3688e+00      0.0000      0.0000      0.0000      0.0000
    463.2863     -4.1175     -7.1233  1.3899e+00      0.0000      0.0000      0.0000      0.0000
    470.3883     -4.1249     -7.1362  1.4112e+00      0.0000      0.0000      0.0000      0.0000
    477.5861     -4.1324     -7.1490  1.4328e+00      0.0000      0.0000      0.0000      0.0000

