# Large Scale Forcings
       z     |     ug     |     vg     |     wfls     |     dqtdx     |     dqtdy     |     dqtdt     |     dthldt
      0.2500     -0.5587     -0.9677  5.0000e-04      0.0000      0.0000      0.0000      0.0000
      0.7500     -1.2286     -2.1279  1.5000e-03      0.0000      0.0000      0.0000      0.0000
      1.2500     -1.5401     -2.6674  2.5000e-03      0.0000      0.0000      0.0000      0.0000
      1.7500     -1.7452     -3.0228  3.5000e-03      0.0000      0.0000      0.0000      0.0000
      2.2500     -1.8985     -3.2882  4.5000e-03      0.0000      0.0000      0.0000      0.0000
      2.7500     -2.0208     -3.5001  5.5000e-03      0.0000      0.0000      0.0000      0.0000
      3.2500     -2.1227     -3.6765  6.5000e-03      0.0000      0.0000      0.0000      0.0000
      3.7500     -2.2100     -3.8277  7.5000e-03      0.0000      0.0000      0.0000      0.0000
      4.2500     -2.2863     -3.9598  8.5000e-03      0.0000      0.0000      0.0000      0.0000
      4.7500     -2.3541     -4.0773  9.5000e-03      0.0000      0.0000      0.0000      0.0000
      5.2500     -2.4151     -4.1830  1.0500e-02      0.0000      0.0000      0.0000      0.0000
      5.7500     -2.4706     -4.2791  1.1500e-02      0.0000      0.0000      0.0000      0.0000
      6.2500     -2.5214     -4.3671  1.2500e-02      0.0000      0.0000      0.0000      0.0000
      6.7500     -2.5684     -4.4484  1.3500e-02      0.0000      0.0000      0.0000      0.0000
      7.2500     -2.6119     -4.5239  1.4500e-02      0.0000      0.0000      0.0000      0.0000
      7.7500     -2.6526     -4.5943  1.5500e-02      0.0000      0.0000      0.0000      0.0000
      8.2500     -2.6907     -4.6603  1.6500e-02      0.0000      0.0000      0.0000      0.0000
      8.7500     -2.7266     -4.7225  1.7500e-02      0.0000      0.0000      0.0000      0.0000
      9.2500     -2.7605     -4.7812  1.8500e-02      0.0000      0.0000      0.0000      0.0000
      9.7500     -2.7926     -4.8368  1.9500e-02      0.0000      0.0000      0.0000      0.0000
     10.2500     -2.8231     -4.8896  2.0500e-02      0.0000      0.0000      0.0000      0.0000
     10.7500     -2.8521     -4.9399  2.1500e-02      0.0000      0.0000      0.0000      0.0000
     11.2500     -2.8798     -4.9879  2.2500e-02      0.0000      0.0000      0.0000      0.0000
     11.7500     -2.9064     -5.0338  2.3500e-02      0.0000      0.0000      0.0000      0.0000
     12.2500     -2.9318     -5.0778  2.4500e-02      0.0000      0.0000      0.0000      0.0000
     12.7500     -2.9562     -5.1201  2.5500e-02      0.0000      0.0000      0.0000      0.0000
     13.2500     -2.9796     -5.1607  2.6500e-02      0.0000      0.0000      0.0000      0.0000
     13.7500     -3.0022     -5.1998  2.7500e-02      0.0000      0.0000      0.0000      0.0000
     14.2500     -3.0240     -5.2375  2.8500e-02      0.0000      0.0000      0.0000      0.0000
     14.7500     -3.0450     -5.2740  2.9500e-02      0.0000      0.0000      0.0000      0.0000
     15.3275     -3.0684     -5.3145  3.0655e-02      0.0000      0.0000      0.0000      0.0000
     15.9883     -3.0942     -5.3591  3.1977e-02      0.0000      0.0000      0.0000      0.0000
     16.6608     -3.1193     -5.4026  3.3322e-02      0.0000      0.0000      0.0000      0.0000
     17.3451     -3.1438     -5.4451  3.4690e-02      0.0000      0.0000      0.0000      0.0000
     18.0415     -3.1678     -5.4867  3.6083e-02      0.0000      0.0000      0.0000      0.0000
     18.7500     -3.1913     -5.5274  3.7500e-02      0.0000      0.0000      0.0000      0.0000
     19.4709     -3.2143     -5.5672  3.8942e-02      0.0000      0.0000      0.0000      0.0000
     20.2044     -3.2369     -5.6063  4.0409e-02      0.0000      0.0000      0.0000      0.0000
     20.9506     -3.2590     -5.6446  4.1901e-02      0.0000      0.0000      0.0000      0.0000
     21.7097     -3.2807     -5.6822  4.3419e-02      0.0000      0.0000      0.0000      0.0000
     22.4818     -3.3020     -5.7191  4.4964e-02      0.0000      0.0000      0.0000      0.0000
     23.2673     -3.3229     -5.7553  4.6535e-02      0.0000      0.0000      0.0000      0.0000
     24.0662     -3.3435     -5.7910  4.8132e-02      0.0000      0.0000      0.0000      0.0000
     24.8787     -3.3638     -5.8261  4.9757e-02      0.0000      0.0000      0.0000      0.0000
     25.7051     -3.3837     -5.8606  5.1410e-02      0.0000      0.0000      0.0000      0.0000
     26.5456     -3.4033     -5.8946  5.3091e-02      0.0000      0.0000      0.0000      0.0000
     27.4002     -3.4226     -5.9280  5.4800e-02      0.0000      0.0000      0.0000      0.0000
     28.2693     -3.4417     -5.9610  5.6539e-02      0.0000      0.0000      0.0000      0.0000
     29.1531     -3.4605     -5.9935  5.8306e-02      0.0000      0.0000      0.0000      0.0000
     30.0517     -3.4790     -6.0256  6.0103e-02      0.0000      0.0000      0.0000      0.0000
     30.9654     -3.4972     -6.0572  6.1931e-02      0.0000      0.0000      0.0000      0.0000
     31.8943     -3.5153     -6.0884  6.3789e-02      0.0000      0.0000      0.0000      0.0000
     32.8387     -3.5330     -6.1192  6.5677e-02      0.0000      0.0000      0.0000      0.0000
     33.7988     -3.5506     -6.1497  6.7598e-02      0.0000      0.0000      0.0000      0.0000
     34.7749     -3.5680     -6.1797  6.9550e-02      0.0000      0.0000      0.0000      0.0000
     35.7670     -3.5851     -6.2094  7.1534e-02      0.0000      0.0000      0.0000      0.0000
     36.7756     -3.6021     -6.2388  7.3551e-02      0.0000      0.0000      0.0000      0.0000
     37.8007     -3.6188     -6.2678  7.5601e-02      0.0000      0.0000      0.0000      0.0000
     38.8427     -3.6354     -6.2966  7.7685e-02      0.0000      0.0000      0.0000      0.0000
     39.9017     -3.6518     -6.3250  7.9803e-02      0.0000      0.0000      0.0000      0.0000
     40.9780     -3.6681     -6.3531  8.1956e-02      0.0000      0.0000      0.0000      0.0000
     42.0718     -3.6841     -6.3809  8.4144e-02      0.0000      0.0000      0.0000      0.0000
     43.1834     -3.7000     -6.4084  8.6367e-02      0.0000      0.0000      0.0000      0.0000
     44.3131     -3.7158     -6.4357  8.8626e-02      0.0000      0.0000      0.0000      0.0000
     45.4610     -3.7314     -6.4627  9.0922e-02      0.0000      0.0000      0.0000      0.0000
     46.6275     -3.7468     -6.4895  9.3255e-02      0.0000      0.0000      0.0000      0.0000
     47.8127     -3.7621     -6.5160  9.5625e-02      0.0000      0.0000      0.0000      0.0000
     49.0170     -3.7773     -6.5423  9.8034e-02      0.0000      0.0000      0.0000      0.0000
     50.2406     -3.7923     -6.5683  1.0048e-01      0.0000      0.0000      0.0000      0.0000
     51.4837     -3.8072     -6.5941  1.0297e-01      0.0000      0.0000      0.0000      0.0000
     52.7467     -3.8220     -6.6197  1.0549e-01      0.0000      0.0000      0.0000      0.0000
     54.0298     -3.8367     -6.6451  1.0806e-01      0.0000      0.0000      0.0000      0.0000
     55.3333     -3.8512     -6.6703  1.1067e-01      0.0000      0.0000      0.0000      0.0000
     56.6575     -3.8656     -6.6952  1.1331e-01      0.0000      0.0000      0.0000      0.0000
     58.0026     -3.8799     -6.7200  1.1601e-01      0.0000      0.0000      0.0000      0.0000
     59.3689     -3.8941     -6.7446  1.1874e-01      0.0000      0.0000      0.0000      0.0000
     60.7568     -3.9082     -6.7690  1.2151e-01      0.0000      0.0000      0.0000      0.0000
     62.1665     -3.9222     -6.7932  1.2433e-01      0.0000      0.0000      0.0000      0.0000
     63.5983     -3.9361     -6.8173  1.2720e-01      0.0000      0.0000      0.0000      0.0000
     65.0525     -3.9499     -6.8412  1.3011e-01      0.0000      0.0000      0.0000      0.0000
     66.5295     -3.9636     -6.8649  1.3306e-01      0.0000      0.0000      0.0000      0.0000
     68.0295     -3.9771     -6.8884  1.3606e-01      0.0000      0.0000      0.0000      0.0000
     69.5528     -3.9907     -6.9118  1.3911e-01      0.0000      0.0000      0.0000      0.0000
     71.0998     -4.0041     -6.9350  1.4220e-01      0.0000      0.0000      0.0000      0.0000
     72.6708     -4.0174     -6.9581  1.4534e-01      0.0000      0.0000      0.0000      0.0000
     74.2661     -4.0306     -6.9811  1.4853e-01      0.0000      0.0000      0.0000      0.0000
     75.8860     -4.0438     -7.0038  1.5177e-01      0.0000      0.0000      0.0000      0.0000
     77.5309     -4.0569     -7.0265  1.5506e-01      0.0000      0.0000      0.0000      0.0000
     79.2011     -4.0699     -7.0490  1.5840e-01      0.0000      0.0000      0.0000      0.0000
     80.8970     -4.0828     -7.0714  1.6179e-01      0.0000      0.0000      0.0000      0.0000
     82.6188     -4.0956     -7.0936  1.6524e-01      0.0000      0.0000      0.0000      0.0000
     84.3670     -4.1084     -7.1157  1.6873e-01      0.0000      0.0000      0.0000      0.0000
     86.1419     -4.1211     -7.1377  1.7228e-01      0.0000      0.0000      0.0000      0.0000
     87.9439     -4.1337     -7.1596  1.7589e-01      0.0000      0.0000      0.0000      0.0000
     89.7733     -4.1463     -7.1813  1.7955e-01      0.0000      0.0000      0.0000      0.0000
     91.6305     -4.1587     -7.2030  1.8326e-01      0.0000      0.0000      0.0000      0.0000
     93.5159     -4.1712     -7.2245  1.8703e-01      0.0000      0.0000      0.0000      0.0000
     95.4298     -4.1835     -7.2459  1.9086e-01      0.0000      0.0000      0.0000      0.0000
     97.3726     -4.1958     -7.2671  1.9475e-01      0.0000      0.0000      0.0000      0.0000
     99.3447     -4.2080     -7.2883  1.9869e-01      0.0000      0.0000      0.0000      0.0000
    101.3466     -4.2202     -7.3094  2.0269e-01      0.0000      0.0000      0.0000      0.0000
    103.3785     -4.2323     -7.3304  2.0676e-01      0.0000      0.0000      0.0000      0.0000
    105.4410     -4.2444     -7.3512  2.1088e-01      0.0000      0.0000      0.0000      0.0000
    107.5343     -4.2563     -7.3720  2.1507e-01      0.0000      0.0000      0.0000      0.0000
    109.6590     -4.2683     -7.3926  2.1932e-01      0.0000      0.0000      0.0000      0.0000
    111.8154     -4.2801     -7.4132  2.2363e-01      0.0000      0.0000      0.0000      0.0000
    114.0040     -4.2920     -7.4337  2.2801e-01      0.0000      0.0000      0.0000      0.0000
    116.2252     -4.3037     -7.4541  2.3245e-01      0.0000      0.0000      0.0000      0.0000
    118.4794     -4.3154     -7.4743  2.3696e-01      0.0000      0.0000      0.0000      0.0000
    120.7671     -4.3271     -7.4945  2.4153e-01      0.0000      0.0000      0.0000      0.0000
    123.0887     -4.3387     -7.5147  2.4618e-01      0.0000      0.0000      0.0000      0.0000
    125.4446     -4.3503     -7.5347  2.5089e-01      0.0000      0.0000      0.0000      0.0000
    127.8353     -4.3618     -7.5546  2.5567e-01      0.0000      0.0000      0.0000      0.0000
    130.2613     -4.3732     -7.5745  2.6052e-01      0.0000      0.0000      0.0000      0.0000
    132.7231     -4.3847     -7.5942  2.6545e-01      0.0000      0.0000      0.0000      0.0000
    135.2210     -4.3960     -7.6139  2.7044e-01      0.0000      0.0000      0.0000      0.0000
    137.7556     -4.4074     -7.6335  2.7551e-01      0.0000      0.0000      0.0000      0.0000
    140.3275     -4.4186     -7.6531  2.8065e-01      0.0000      0.0000      0.0000      0.0000
    142.9369     -4.4299     -7.6725  2.8587e-01      0.0000      0.0000      0.0000      0.0000
    145.5845     -4.4411     -7.6919  2.9117e-01      0.0000      0.0000      0.0000      0.0000
    148.2708     -4.4522     -7.7112  2.9654e-01      0.0000      0.0000      0.0000      0.0000
    150.9963     -4.4633     -7.7305  3.0199e-01      0.0000      0.0000      0.0000      0.0000
    153.7614     -4.4744     -7.7496  3.0752e-01      0.0000      0.0000      0.0000      0.0000
    156.5667     -4.4854     -7.7687  3.1313e-01      0.0000      0.0000      0.0000      0.0000
    159.4128     -4.4964     -7.7878  3.1883e-01      0.0000      0.0000      0.0000      0.0000
    162.3001     -4.5073     -7.8067  3.2460e-01      0.0000      0.0000      0.0000      0.0000
    165.2293     -4.5182     -7.8256  3.3046e-01      0.0000      0.0000      0.0000      0.0000
    168.2008     -4.5291     -7.8444  3.3640e-01      0.0000      0.0000      0.0000      0.0000
    171.2152     -4.5399     -7.8632  3.4243e-01      0.0000      0.0000      0.0000      0.0000
    174.2730     -4.5507     -7.8819  3.4855e-01      0.0000      0.0000      0.0000      0.0000
    177.3749     -4.5615     -7.9005  3.5475e-01      0.0000      0.0000      0.0000      0.0000
    180.5214     -4.5722     -7.9191  3.6104e-01      0.0000      0.0000      0.0000      0.0000
    183.7131     -4.5829     -7.9376  3.6743e-01      0.0000      0.0000      0.0000      0.0000
    186.9506     -4.5936     -7.9560  3.7390e-01      0.0000      0.0000      0.0000      0.0000
    190.2345     -4.6042     -7.9744  3.8047e-01      0.0000      0.0000      0.0000      0.0000
    193.5653     -4.6148     -7.9928  3.8713e-01      0.0000      0.0000      0.0000      0.0000
    196.9438     -4.6253     -8.0110  3.9389e-01      0.0000      0.0000      0.0000      0.0000
    200.3704     -4.6358     -8.0292  4.0074e-01      0.0000      0.0000      0.0000      0.0000
    203.8459     -4.6463     -8.0474  4.0769e-01      0.0000      0.0000      0.0000      0.0000
    207.3709     -4.6568     -8.0655  4.1474e-01      0.0000      0.0000      0.0000      0.0000
    210.9460     -4.6672     -8.0836  4.2189e-01      0.0000      0.0000      0.0000      0.0000
    214.5718     -4.6776     -8.1016  4.2914e-01      0.0000      0.0000      0.0000      0.0000
    218.2491     -4.6879     -8.1195  4.3650e-01      0.0000      0.0000      0.0000      0.0000
    221.9784     -4.6983     -8.1374  4.4396e-01      0.0000      0.0000      0.0000      0.0000
    225.7605     -4.7086     -8.1552  4.5152e-01      0.0000      0.0000      0.0000      0.0000
    229.5961     -4.7188     -8.1730  4.5919e-01      0.0000      0.0000      0.0000      0.0000
    233.4858     -4.7291     -8.1908  4.6697e-01      0.0000      0.0000      0.0000      0.0000
    237.4303     -4.7393     -8.2085  4.7486e-01      0.0000      0.0000      0.0000      0.0000
    241.4304     -4.7495     -8.2261  4.8286e-01      0.0000      0.0000      0.0000      0.0000
    245.4867     -4.7597     -8.2437  4.9097e-01      0.0000      0.0000      0.0000      0.0000
    249.6000     -4.7698     -8.2613  4.9920e-01      0.0000      0.0000      0.0000      0.0000
    253.7710     -4.7799     -8.2788  5.0754e-01      0.0000      0.0000      0.0000      0.0000
    258.0005     -4.7900     -8.2962  5.1600e-01      0.0000      0.0000      0.0000      0.0000
    262.2892     -4.8000     -8.3136  5.2458e-01      0.0000      0.0000      0.0000      0.0000
    266.6379     -4.8100     -8.3310  5.3328e-01      0.0000      0.0000      0.0000      0.0000
    271.0473     -4.8200     -8.3483  5.4209e-01      0.0000      0.0000      0.0000      0.0000
    275.5183     -4.8300     -8.3656  5.5104e-01      0.0000      0.0000      0.0000      0.0000
    280.0515     -4.8400     -8.3828  5.6010e-01      0.0000      0.0000      0.0000      0.0000
    284.6479     -4.8499     -8.4000  5.6930e-01      0.0000      0.0000      0.0000      0.0000
    289.3082     -4.8598     -8.4172  5.7862e-01      0.0000      0.0000      0.0000      0.0000
    294.0332     -4.8697     -8.4343  5.8807e-01      0.0000      0.0000      0.0000      0.0000
    298.8238     -4.8795     -8.4514  5.9765e-01      0.0000      0.0000      0.0000      0.0000
    303.6809     -4.8894     -8.4684  6.0736e-01      0.0000      0.0000      0.0000      0.0000
    308.6051     -4.8992     -8.4854  6.1721e-01      0.0000      0.0000      0.0000      0.0000
    313.5975     -4.9090     -8.5023  6.2720e-01      0.0000      0.0000      0.0000      0.0000
    318.6589     -4.9187     -8.5192  6.3732e-01      0.0000      0.0000      0.0000      0.0000
    323.7901     -4.9285     -8.5361  6.4758e-01      0.0000      0.0000      0.0000      0.0000
    328.9921     -4.9382     -8.5529  6.5798e-01      0.0000      0.0000      0.0000      0.0000
    334.2658     -4.9479     -8.5697  6.6853e-01      0.0000      0.0000      0.0000      0.0000
    339.6121     -4.9576     -8.5865  6.7922e-01      0.0000      0.0000      0.0000      0.0000
    345.0318     -4.9672     -8.6032  6.9006e-01      0.0000      0.0000      0.0000      0.0000
    350.5260     -4.9768     -8.6199  7.0105e-01      0.0000      0.0000      0.0000      0.0000
    356.0955     -4.9865     -8.6365  7.1219e-01      0.0000      0.0000      0.0000      0.0000
    361.7414     -4.9960     -8.6532  7.2348e-01      0.0000      0.0000      0.0000      0.0000
    367.4646     -5.0056     -8.6697  7.3493e-01      0.0000      0.0000      0.0000      0.0000
    373.2661     -5.0152     -8.6863  7.4653e-01      0.0000      0.0000      0.0000      0.0000
    379.1469     -5.0247     -8.7028  7.5829e-01      0.0000      0.0000      0.0000      0.0000
    385.1079     -5.0342     -8.7193  7.7022e-01      0.0000      0.0000      0.0000      0.0000
    391.1503     -5.0437     -8.7357  7.8230e-01      0.0000      0.0000      0.0000      0.0000
    397.2750     -5.0532     -8.7521  7.9455e-01      0.0000      0.0000      0.0000      0.0000
    403.4831     -5.0626     -8.7685  8.0697e-01      0.0000      0.0000      0.0000      0.0000
    409.7756     -5.0721     -8.7848  8.1955e-01      0.0000      0.0000      0.0000      0.0000
    416.1536     -5.0815     -8.8011  8.3231e-01      0.0000      0.0000      0.0000      0.0000
    422.6182     -5.0909     -8.8174  8.4524e-01      0.0000      0.0000      0.0000      0.0000
    429.1705     -5.1003     -8.8337  8.5834e-01      0.0000      0.0000      0.0000      0.0000
    435.8116     -5.1096     -8.8499  8.7162e-01      0.0000      0.0000      0.0000      0.0000
    442.5425     -5.1190     -8.8661  8.8509e-01      0.0000      0.0000      0.0000      0.0000
    449.3645     -5.1283     -8.8822  8.9873e-01      0.0000      0.0000      0.0000      0.0000
    456.2787     -5.1376     -8.8983  9.1256e-01      0.0000      0.0000      0.0000      0.0000
    463.2863     -5.1469     -8.9144  9.2657e-01      0.0000      0.0000      0.0000      0.0000
    470.3883     -5.1562     -8.9305  9.4078e-01      0.0000      0.0000      0.0000      0.0000
    477.5861     -5.1654     -8.9466  9.5517e-01      0.0000      0.0000      0.0000      0.0000
