# Input Profiles
       z     |     thl     |     qt     |     u     |     v     |     tke
      0.2500    293.0002      0.0000     -0.4470     -0.7733      0.1502
      0.7500    293.0007      0.0000     -0.9829     -1.7004      0.1507
      1.2500    293.0013      0.0000     -1.2321     -2.1315      0.1512
      1.7500    293.0018      0.0000     -1.3962     -2.4154      0.1517
      2.2500    293.0023      0.0000     -1.5188     -2.6275      0.1522
      2.7500    293.0027      0.0000     -1.6167     -2.7968      0.1527
      3.2500    293.0032      0.0000     -1.6982     -2.9378      0.1532
      3.7500    293.0038      0.0000     -1.7680     -3.0586      0.1537
      4.2500    293.0043      0.0000     -1.8290     -3.1642      0.1542
      4.7500    293.0048      0.0000     -1.8833     -3.2581      0.1547
      5.2500    293.0052      0.0000     -1.9321     -3.3425      0.1552
      5.7500    293.0057      0.0000     -1.9765     -3.4193      0.1557
      6.2500    293.0063      0.0000     -2.0172     -3.4897      0.1562
      6.7500    293.0068      0.0000     -2.0547     -3.5546      0.1568
      7.2500    293.0072      0.0000     -2.0896     -3.6149      0.1573
      7.7500    293.0077      0.0000     -2.1221     -3.6712      0.1578
      8.2500    293.0082      0.0000     -2.1526     -3.7240      0.1583
      8.7500    293.0088      0.0000     -2.1813     -3.7736      0.1588
      9.2500    293.0093      0.0000     -2.2084     -3.8205      0.1593
      9.7500    293.0097      0.0000     -2.2341     -3.8649      0.1598
     10.2500    293.0102      0.0000     -2.2585     -3.9072      0.1603
     10.7500    293.0107      0.0000     -2.2817     -3.9473      0.1608
     11.2500    293.0113      0.0000     -2.3039     -3.9857      0.1613
     11.7500    293.0118      0.0000     -2.3251     -4.0224      0.1618
     12.2500    293.0122      0.0000     -2.3454     -4.0576      0.1623
     12.7500    293.0127      0.0000     -2.3649     -4.0913      0.1628
     13.2500    293.0133      0.0000     -2.3837     -4.1238      0.1633
     13.7500    293.0138      0.0000     -2.4018     -4.1551      0.1638
     14.2500    293.0143      0.0000     -2.4192     -4.1852      0.1643
     14.7500    293.0147      0.0000     -2.4360     -4.2143      0.1648
     15.3275    293.0153      0.0000     -2.4547     -4.2467      0.1653
     15.9883    293.0160      0.0000     -2.4753     -4.2823      0.1660
     16.6608    293.0167      0.0000     -2.4954     -4.3171      0.1667
     17.3451    293.0173      0.0000     -2.5151     -4.3511      0.1673
     18.0415    293.0180      0.0000     -2.5343     -4.3843      0.1680
     18.7500    293.0188      0.0000     -2.5531     -4.4168      0.1688
     19.4709    293.0195      0.0000     -2.5715     -4.4486      0.1695
     20.2044    293.0202      0.0000     -2.5895     -4.4798      0.1702
     20.9506    293.0210      0.0000     -2.6072     -4.5104      0.1710
     21.7097    293.0217      0.0000     -2.6246     -4.5405      0.1717
     22.4818    293.0225      0.0000     -2.6416     -4.5700      0.1725
     23.2673    293.0233      0.0000     -2.6584     -4.5990      0.1733
     24.0662    293.0241      0.0000     -2.6748     -4.6274      0.1741
     24.8787    293.0249      0.0000     -2.6910     -4.6555      0.1749
     25.7051    293.0257      0.0000     -2.7070     -4.6830      0.1757
     26.5456    293.0265      0.0000     -2.7227     -4.7102      0.1765
     27.4002    293.0274      0.0000     -2.7381     -4.7369      0.1774
     28.2693    293.0283      0.0000     -2.7533     -4.7633      0.1783
     29.1531    293.0292      0.0000     -2.7684     -4.7893      0.1792
     30.0517    293.0301      0.0000     -2.7832     -4.8149      0.1801
     30.9654    293.0310      0.0000     -2.7978     -4.8402      0.1810
     31.8943    293.0319      0.0000     -2.8122     -4.8651      0.1819
     32.8387    293.0328      0.0000     -2.8264     -4.8897      0.1828
     33.7988    293.0338      0.0000     -2.8405     -4.9141      0.1838
     34.7749    293.0348      0.0000     -2.8544     -4.9381      0.1848
     35.7670    293.0358      0.0000     -2.8681     -4.9618      0.1858
     36.7756    293.0368      0.0000     -2.8817     -4.9853      0.1868
     37.8007    293.0378      0.0000     -2.8951     -5.0085      0.1878
     38.8427    293.0388      0.0000     -2.9083     -5.0314      0.1888
     39.9017    293.0399      0.0000     -2.9215     -5.0541      0.1899
     40.9780    293.0410      0.0000     -2.9344     -5.0766      0.1910
     42.0718    293.0421      0.0000     -2.9473     -5.0988      0.1921
     43.1834    293.0432      0.0000     -2.9600     -5.1208      0.1932
     44.3131    293.0443      0.0000     -2.9726     -5.1426      0.1943
     45.4610    293.0455      0.0000     -2.9851     -5.1642      0.1955
     46.6275    293.0466      0.0000     -2.9975     -5.1856      0.1966
     47.8127    293.0478      0.0000     -3.0097     -5.2068      0.1978
     49.0170    293.0490      0.0000     -3.0218     -5.2278      0.1990
     50.2406    293.0502      0.0000     -3.0339     -5.2486      0.2002
     51.4837    293.0515      0.0000     -3.0458     -5.2692      0.2015
     52.7467    293.0527      0.0000     -3.0576     -5.2897      0.2027
     54.0298    293.0540      0.0000     -3.0693     -5.3099      0.2040
     55.3333    293.0553      0.0000     -3.0810     -5.3301      0.2053
     56.6575    293.0567      0.0000     -3.0925     -5.3500      0.2067
     58.0026    293.0580      0.0000     -3.1039     -5.3698      0.2080
     59.3689    293.0594      0.0000     -3.1153     -5.3895      0.2094
     60.7568    293.0608      0.0000     -3.1266     -5.4090      0.2108
     62.1665    293.0622      0.0000     -3.1378     -5.4283      0.2122
     63.5983    293.0636      0.0000     -3.1489     -5.4475      0.2136
     65.0525    293.0651      0.0000     -3.1599     -5.4666      0.2151
     66.5295    293.0665      0.0000     -3.1708     -5.4856      0.2165
     68.0295    293.0680      0.0000     -3.1817     -5.5044      0.2180
     69.5528    293.0696      0.0000     -3.1925     -5.5231      0.2196
     71.0998    293.0711      0.0000     -3.2033     -5.5416      0.2211
     72.6708    293.0727      0.0000     -3.2139     -5.5601      0.2227
     74.2661    293.0743      0.0000     -3.2245     -5.5784      0.2243
     75.8860    293.0759      0.0000     -3.2350     -5.5966      0.2259
     77.5309    293.0775      0.0000     -3.2455     -5.6147      0.2275
     79.2011    293.0792      0.0000     -3.2559     -5.6327      0.2292
     80.8970    293.0809      0.0000     -3.2662     -5.6506      0.2309
     82.6188    293.0826      0.0000     -3.2765     -5.6683      0.2326
     84.3670    293.0844      0.0000     -3.2867     -5.6860      0.2344
     86.1419    293.0861      0.0000     -3.2969     -5.7036      0.2361
     87.9439    293.0879      0.0000     -3.3070     -5.7211      0.2379
     89.7733    293.0898      0.0000     -3.3170     -5.7384      0.2398
     91.6305    293.0916      0.0000     -3.3270     -5.7557      0.2416
     93.5159    293.0935      0.0000     -3.3369     -5.7729      0.2435
     95.4298    293.0954      0.0000     -3.3468     -5.7900      0.2454
     97.3726    293.0974      0.0000     -3.3566     -5.8070      0.2474
     99.3447    293.0993      0.0000     -3.3664     -5.8239      0.2493
    101.3466    293.1013      0.0000     -3.3762     -5.8408      0.2513
    103.3785    293.1034      0.0000     -3.3858     -5.8575      0.2534
    105.4410    293.1054      0.0000     -3.3955     -5.8742      0.2554
    107.5343    293.1075      0.0000     -3.4051     -5.8908      0.2575
    109.6590    293.1097      0.0000     -3.4146     -5.9073      0.2597
    111.8154    293.1118      0.0000     -3.4241     -5.9237      0.2618
    114.0040    293.1140      0.0000     -3.4336     -5.9401      0.2640
    116.2252    293.1162      0.0000     -3.4430     -5.9564      0.2662
    118.4794    293.1185      0.0000     -3.4524     -5.9726      0.2685
    120.7671    293.1208      0.0000     -3.4617     -5.9887      0.2708
    123.0887    293.1231      0.0000     -3.4710     -6.0048      0.2731
    125.4446    293.1254      0.0000     -3.4802     -6.0208      0.2754
    127.8353    293.1278      0.0000     -3.4894     -6.0367      0.2778
    130.2613    293.1303      0.0000     -3.4986     -6.0526      0.2803
    132.7231    293.1327      0.0000     -3.5077     -6.0684      0.2827
    135.2210    293.1352      0.0000     -3.5168     -6.0841      0.2852
    137.7556    293.1378      0.0000     -3.5259     -6.0998      0.2878
    140.3275    293.1403      0.0000     -3.5349     -6.1154      0.2903
    142.9369    293.1429      0.0000     -3.5439     -6.1309      0.2929
    145.5845    293.1456      0.0000     -3.5528     -6.1464      0.2956
    148.2708    293.1483      0.0000     -3.5618     -6.1619      0.2983
    150.9963    293.1510      0.0000     -3.5707     -6.1772      0.3010
    153.7614    293.1538      0.0000     -3.5795     -6.1925      0.3038
    156.5667    293.1566      0.0000     -3.5883     -6.2078      0.3066
    159.4128    293.1594      0.0000     -3.5971     -6.2230      0.3094
    162.3001    293.1623      0.0000     -3.6059     -6.2382      0.3123
    165.2293    293.1652      0.0000     -3.6146     -6.2532      0.3152
    168.2008    293.1682      0.0000     -3.6233     -6.2683      0.3182
    171.2152    293.1712      0.0000     -3.6320     -6.2833      0.3212
    174.2730    293.1743      0.0000     -3.6406     -6.2982      0.3243
    177.3749    293.1774      0.0000     -3.6492     -6.3131      0.3274
    180.5214    293.1805      0.0000     -3.6578     -6.3279      0.3305
    183.7131    293.1837      0.0000     -3.6663     -6.3427      0.3337
    186.9506    293.1870      0.0000     -3.6748     -6.3575      0.3370
    190.2345    293.1902      0.0000     -3.6833     -6.3722      0.3402
    193.5653    293.1936      0.0000     -3.6918     -6.3868      0.3436
    196.9438    293.1969      0.0000     -3.7002     -6.4014      0.3469
    200.3704    293.2004      0.0000     -3.7087     -6.4160      0.3504
    203.8459    293.2038      0.0000     -3.7170     -6.4305      0.3538
    207.3709    293.2074      0.0000     -3.7254     -6.4450      0.3574
    210.9460    293.2109      0.0000     -3.7337     -6.4594      0.3609
    214.5718    293.2146      0.0000     -3.7421     -6.4738      0.3646
    218.2491    293.2182      0.0000     -3.7504     -6.4881      0.3682
    221.9784    293.2220      0.0000     -3.7586     -6.5024      0.3720
    225.7605    293.2258      0.0000     -3.7669     -6.5167      0.3758
    229.5961    293.2296      0.0000     -3.7751     -6.5309      0.3796
    233.4858    293.2335      0.0000     -3.7833     -6.5451      0.3835
    237.4303    293.2374      0.0000     -3.7914     -6.5592      0.3874
    241.4304    293.2414      0.0000     -3.7996     -6.5733      0.3914
    245.4867    293.2455      0.0000     -3.8077     -6.5874      0.3955
    249.6000    293.2496      0.0000     -3.8158     -6.6014      0.3996
    253.7710    293.2538      0.0000     -3.8239     -6.6154      0.4038
    258.0005    293.2580      0.0000     -3.8320     -6.6293      0.4080
    262.2892    293.2623      0.0000     -3.8400     -6.6432      0.4123
    266.6379    293.2666      0.0000     -3.8480     -6.6571      0.4166
    271.0473    293.2710      0.0000     -3.8560     -6.6709      0.4210
    275.5183    293.2755      0.0000     -3.8640     -6.6848      0.4255
    280.0515    293.2801      0.0000     -3.8720     -6.6985      0.4301
    284.6479    293.2846      0.0000     -3.8799     -6.7123      0.4346
    289.3082    293.2893      0.0000     -3.8878     -6.7260      0.4393
    294.0332    293.2940      0.0000     -3.8957     -6.7396      0.4440
    298.8238    293.2988      0.0000     -3.9036     -6.7533      0.4488
    303.6809    293.3037      0.0000     -3.9115     -6.7669      0.4537
    308.6051    293.3086      0.0000     -3.9193     -6.7805      0.4586
    313.5975    293.3136      0.0000     -3.9272     -6.7940      0.4636
    318.6589    293.3187      0.0000     -3.9350     -6.8075      0.4687
    323.7901    293.3238      0.0000     -3.9428     -6.8210      0.4738
    328.9921    293.3290      0.0000     -3.9505     -6.8344      0.4790
    334.2658    293.3343      0.0000     -3.9583     -6.8479      0.4843
    339.6121    293.3396      0.0000     -3.9660     -6.8613      0.4896
    345.0318    293.3450      0.0000     -3.9738     -6.8746      0.4950
    350.5260    293.3505      0.0000     -3.9815     -6.8879      0.5005
    356.0955    293.3561      0.0000     -3.9892     -6.9013      0.5061
    361.7414    293.3617      0.0000     -3.9968     -6.9145      0.5117
    367.4646    293.3675      0.0000     -4.0045     -6.9278      0.5175
    373.2661    293.3733      0.0000     -4.0121     -6.9410      0.5233
    379.1469    293.3791      0.0000     -4.0198     -6.9542      0.5291
    385.1079    293.3851      0.0000     -4.0274     -6.9674      0.5351
    391.1503    293.3912      0.0000     -4.0350     -6.9805      0.5412
    397.2750    293.3973      0.0000     -4.0425     -6.9936      0.5473
    403.4831    293.4035      0.0000     -4.0501     -7.0067      0.5535
    409.7756    293.4098      0.0000     -4.0577     -7.0197      0.5598
    416.1536    293.4162      0.0000     -4.0652     -7.0328      0.5662
    422.6182    293.4226      0.0000     -4.0727     -7.0458      0.5726
    429.1705    293.4292      0.0000     -4.0802     -7.0588      0.5792
    435.8116    293.4358      0.0000     -4.0877     -7.0717      0.5858
    442.5425    293.4425      0.0000     -4.0952     -7.0847      0.5925
    449.3645    293.4494      0.0000     -4.1026     -7.0976      0.5994
    456.2787    293.4563      0.0000     -4.1101     -7.1105      0.6063
    463.2863    293.4633      0.0000     -4.1175     -7.1233      0.6133
    470.3883    293.4704      0.0000     -4.1249     -7.1362      0.6204
    477.5861    293.4776      0.0000     -4.1324     -7.1490      0.6276
