 #baseprofiles
 #height rhobf
    2.5  0.12227679142898000E+01
    7.5  0.12227679142898000E+01
   12.5  0.12227679142898000E+01
   17.5  0.12227679142898000E+01
   22.5  0.12227679142898000E+01
   27.5  0.12227679142898000E+01
   32.5  0.12227679142898000E+01
   37.5  0.12227679142898000E+01
   42.5  0.12227679142898000E+01
   47.5  0.12227679142898000E+01
   52.5  0.12227679142898000E+01
   57.5  0.12227679142898000E+01
   62.5  0.12227679142898000E+01
   67.5  0.12227679142898000E+01
   72.5  0.12227679142898000E+01
   77.5  0.12227679142898000E+01
   82.5  0.12227679142898000E+01
   87.5  0.12227679142898000E+01
   92.5  0.12227679142898000E+01
   97.5  0.12227679142898000E+01
  102.5  0.12227679142898000E+01
  107.5  0.12227679142898000E+01
  112.5  0.12227679142898000E+01
  117.5  0.12227679142898000E+01
  122.5  0.12227679142898000E+01
  127.5  0.12227679142898000E+01
  132.5  0.12227679142898000E+01
  137.5  0.12227679142898000E+01
  142.5  0.12227679142898000E+01
  147.5  0.12227679142898000E+01
  152.5  0.12227679142898000E+01
  157.5  0.12227679142898000E+01
  162.5  0.12227679142898000E+01
  167.5  0.12227679142898000E+01
  172.5  0.12227679142898000E+01
  177.5  0.12227679142898000E+01
  182.5  0.12227679142898000E+01
  187.5  0.12227679142898000E+01
  192.5  0.12227679142898000E+01
  197.5  0.12227679142898000E+01
  202.5  0.12227679142898000E+01
  207.5  0.12227679142898000E+01
  212.5  0.12227679142898000E+01
  217.5  0.12227679142898000E+01
  222.5  0.12227679142898000E+01
  227.5  0.12227679142898000E+01
  232.5  0.12227679142898000E+01
  237.5  0.12227679142898000E+01
  242.5  0.12227679142898000E+01
  247.5  0.12227679142898000E+01
  252.5  0.12227679142898000E+01
  257.6  0.12227679142898000E+01
  262.8  0.12227679142898000E+01
  268.0  0.12227679142898000E+01
  273.2  0.12227679142898000E+01
  278.5  0.12227679142898000E+01
  283.9  0.12227679142898000E+01
  289.4  0.12227679142898000E+01
  294.9  0.12227679142898000E+01
  300.4  0.12227679142898000E+01
  306.1  0.12227679142898000E+01
  311.8  0.12227679142898000E+01
  317.5  0.12227679142898000E+01
  323.3  0.12227679142898000E+01
  329.2  0.12227679142898000E+01
  335.2  0.12227679142898000E+01
  341.2  0.12227679142898000E+01
  347.3  0.12227679142898000E+01
  353.5  0.12227679142898000E+01
  359.7  0.12227679142898000E+01
  366.0  0.12227679142898000E+01
  372.4  0.12227679142898000E+01
  378.8  0.12227679142898000E+01
  385.4  0.12227679142898000E+01
  392.0  0.12227679142898000E+01
  398.6  0.12227679142898000E+01
  405.4  0.12227679142898000E+01
  412.2  0.12227679142898000E+01
  419.1  0.12227679142898000E+01
  426.1  0.12227679142898000E+01
  433.1  0.12227679142898000E+01
  440.3  0.12227679142898000E+01
  447.5  0.12227679142898000E+01
  454.8  0.12227679142898000E+01
  462.2  0.12227679142898000E+01
  469.6  0.12227679142898000E+01
  477.2  0.12227679142898000E+01
  484.8  0.12227679142898000E+01
  492.6  0.12227679142898000E+01
  500.4  0.12227679142898000E+01
  508.3  0.12227679142898000E+01
  516.3  0.12227679142898000E+01
  524.4  0.12227679142898000E+01
  532.5  0.12227679142898000E+01
  540.8  0.12227679142898000E+01
  549.2  0.12227679142898000E+01
  557.6  0.12227679142898000E+01
  566.2  0.12227679142898000E+01
  574.8  0.12227679142898000E+01
  583.6  0.12227679142898000E+01
  592.4  0.12227679142898000E+01
  601.4  0.12227679142898000E+01
  610.4  0.12227679142898000E+01
  619.6  0.12227679142898000E+01
  628.8  0.12227679142898000E+01
  638.2  0.12227679142898000E+01
  647.7  0.12227679142898000E+01
  657.3  0.12227679142898000E+01
  666.9  0.12227679142898000E+01
  676.7  0.12227679142898000E+01
  686.7  0.12227679142898000E+01
  696.7  0.12227679142898000E+01
  706.8  0.12227679142898000E+01
  717.1  0.12227679142898000E+01
  727.4  0.12227679142898000E+01
  737.9  0.12227679142898000E+01
  748.5  0.12227679142898000E+01
  759.2  0.12227679142898000E+01
  770.1  0.12227679142898000E+01
  781.1  0.12227679142898000E+01
  792.1  0.12227679142898000E+01
  803.4  0.12227679142898000E+01
  814.7  0.12227679142898000E+01
  826.2  0.12227679142898000E+01
  837.8  0.12227679142898000E+01
  849.5  0.12227679142898000E+01
  861.4  0.12227679142898000E+01
  873.4  0.12227679142898000E+01
  885.6  0.12227679142898000E+01
  897.8  0.12227679142898000E+01
  910.3  0.12227679142898000E+01
  922.8  0.12227679142898000E+01
  935.5  0.12227679142898000E+01
  948.4  0.12227679142898000E+01
  961.4  0.12227679142898000E+01
  974.5  0.12227679142898000E+01
  987.8  0.12227679142898000E+01
 1001.3  0.12227679142898000E+01
 1014.9  0.12227679142898000E+01
 1028.6  0.12227679142898000E+01
 1042.5  0.12227679142898000E+01
 1056.6  0.12227679142898000E+01
 1070.8  0.12227679142898000E+01
 1085.2  0.12227679142898000E+01
 1099.8  0.12227679142898000E+01
 1114.5  0.12227679142898000E+01
 1129.4  0.12227679142898000E+01
 1144.4  0.12227679142898000E+01
 1159.6  0.12227679142898000E+01
 1175.0  0.12227679142898000E+01
 1190.6  0.12227679142898000E+01
 1206.4  0.12227679142898000E+01
 1222.3  0.12227679142898000E+01
 1238.4  0.12227679142898000E+01
 1254.7  0.12227679142898000E+01
 1271.2  0.12227679142898000E+01
 1287.8  0.12227679142898000E+01
 1304.7  0.12227679142898000E+01
 1321.7  0.12227679142898000E+01
 1339.0  0.12227679142898000E+01
 1356.4  0.12227679142898000E+01
 1374.1  0.12227679142898000E+01
 1391.9  0.12227679142898000E+01
 1409.9  0.12227679142898000E+01
 1428.2  0.12227679142898000E+01
 1446.6  0.12227679142898000E+01
 1465.3  0.12227679142898000E+01
 1484.2  0.12227679142898000E+01
 1503.2  0.12227679142898000E+01
 1522.5  0.12227679142898000E+01
 1542.1  0.12227679142898000E+01
 1561.8  0.12227679142898000E+01
 1581.8  0.12227679142898000E+01
 1602.0  0.12227679142898000E+01
 1622.4  0.12227679142898000E+01
 1643.1  0.12227679142898000E+01
 1664.0  0.12227679142898000E+01
 1685.1  0.12227679142898000E+01
 1706.5  0.12227679142898000E+01
 1728.1  0.12227679142898000E+01
 1749.9  0.12227679142898000E+01
 1772.1  0.12227679142898000E+01
 1794.4  0.12227679142898000E+01
 1817.0  0.12227679142898000E+01
 1839.9  0.12227679142898000E+01
 1863.0  0.12227679142898000E+01
 1886.4  0.12227679142898000E+01
 1910.1  0.12227679142898000E+01
 1934.0  0.12227679142898000E+01
 1958.2  0.12227679142898000E+01
 1982.7  0.12227679142898000E+01
 2007.4  0.12227679142898000E+01
