# Input Profiles
       z     |     thl     |     qt     |     u     |     v     |     tke
      0.2500    293.0002      0.0000     -0.8939      0.0000      0.1502
      0.7500    293.0007      0.0000     -1.9658      0.0000      0.1507
      1.2500    293.0013      0.0000     -2.4641      0.0000      0.1512
      1.7500    293.0018      0.0000     -2.7924      0.0000      0.1517
      2.2500    293.0023      0.0000     -3.0376      0.0000      0.1522
      2.7500    293.0027      0.0000     -3.2334      0.0000      0.1527
      3.2500    293.0032      0.0000     -3.3963      0.0000      0.1532
      3.7500    293.0038      0.0000     -3.5359      0.0000      0.1537
      4.2500    293.0043      0.0000     -3.6581      0.0000      0.1542
      4.7500    293.0048      0.0000     -3.7666      0.0000      0.1547
      5.2500    293.0052      0.0000     -3.8642      0.0000      0.1552
      5.7500    293.0057      0.0000     -3.9530      0.0000      0.1557
      6.2500    293.0063      0.0000     -4.0343      0.0000      0.1562
      6.7500    293.0068      0.0000     -4.1094      0.0000      0.1568
      7.2500    293.0072      0.0000     -4.1791      0.0000      0.1573
      7.7500    293.0077      0.0000     -4.2442      0.0000      0.1578
      8.2500    293.0082      0.0000     -4.3052      0.0000      0.1583
      8.7500    293.0088      0.0000     -4.3626      0.0000      0.1588
      9.2500    293.0093      0.0000     -4.4168      0.0000      0.1593
      9.7500    293.0097      0.0000     -4.4681      0.0000      0.1598
     10.2500    293.0102      0.0000     -4.5169      0.0000      0.1603
     10.7500    293.0107      0.0000     -4.5634      0.0000      0.1608
     11.2500    293.0113      0.0000     -4.6078      0.0000      0.1613
     11.7500    293.0118      0.0000     -4.6502      0.0000      0.1618
     12.2500    293.0122      0.0000     -4.6908      0.0000      0.1623
     12.7500    293.0127      0.0000     -4.7299      0.0000      0.1628
     13.2500    293.0133      0.0000     -4.7674      0.0000      0.1633
     13.7500    293.0138      0.0000     -4.8035      0.0000      0.1638
     14.2500    293.0143      0.0000     -4.8384      0.0000      0.1643
     14.7500    293.0147      0.0000     -4.8720      0.0000      0.1648
     15.3275    293.0153      0.0000     -4.9095      0.0000      0.1653
     15.9883    293.0160      0.0000     -4.9507      0.0000      0.1660
     16.6608    293.0167      0.0000     -4.9909      0.0000      0.1667
     17.3451    293.0173      0.0000     -5.0301      0.0000      0.1673
     18.0415    293.0180      0.0000     -5.0685      0.0000      0.1680
     18.7500    293.0188      0.0000     -5.1061      0.0000      0.1688
     19.4709    293.0195      0.0000     -5.1429      0.0000      0.1695
     20.2044    293.0202      0.0000     -5.1790      0.0000      0.1702
     20.9506    293.0210      0.0000     -5.2144      0.0000      0.1710
     21.7097    293.0217      0.0000     -5.2491      0.0000      0.1717
     22.4818    293.0225      0.0000     -5.2832      0.0000      0.1725
     23.2673    293.0233      0.0000     -5.3167      0.0000      0.1733
     24.0662    293.0241      0.0000     -5.3497      0.0000      0.1741
     24.8787    293.0249      0.0000     -5.3820      0.0000      0.1749
     25.7051    293.0257      0.0000     -5.4139      0.0000      0.1757
     26.5456    293.0265      0.0000     -5.4453      0.0000      0.1765
     27.4002    293.0274      0.0000     -5.4762      0.0000      0.1774
     28.2693    293.0283      0.0000     -5.5067      0.0000      0.1783
     29.1531    293.0292      0.0000     -5.5367      0.0000      0.1792
     30.0517    293.0301      0.0000     -5.5663      0.0000      0.1801
     30.9654    293.0310      0.0000     -5.5956      0.0000      0.1810
     31.8943    293.0319      0.0000     -5.6244      0.0000      0.1819
     32.8387    293.0328      0.0000     -5.6529      0.0000      0.1828
     33.7988    293.0338      0.0000     -5.6810      0.0000      0.1838
     34.7749    293.0348      0.0000     -5.7088      0.0000      0.1848
     35.7670    293.0358      0.0000     -5.7362      0.0000      0.1858
     36.7756    293.0368      0.0000     -5.7633      0.0000      0.1868
     37.8007    293.0378      0.0000     -5.7902      0.0000      0.1878
     38.8427    293.0388      0.0000     -5.8167      0.0000      0.1888
     39.9017    293.0399      0.0000     -5.8429      0.0000      0.1899
     40.9780    293.0410      0.0000     -5.8689      0.0000      0.1910
     42.0718    293.0421      0.0000     -5.8946      0.0000      0.1921
     43.1834    293.0432      0.0000     -5.9200      0.0000      0.1932
     44.3131    293.0443      0.0000     -5.9452      0.0000      0.1943
     45.4610    293.0455      0.0000     -5.9702      0.0000      0.1955
     46.6275    293.0466      0.0000     -5.9949      0.0000      0.1966
     47.8127    293.0478      0.0000     -6.0194      0.0000      0.1978
     49.0170    293.0490      0.0000     -6.0437      0.0000      0.1990
     50.2406    293.0502      0.0000     -6.0677      0.0000      0.2002
     51.4837    293.0515      0.0000     -6.0916      0.0000      0.2015
     52.7467    293.0527      0.0000     -6.1152      0.0000      0.2027
     54.0298    293.0540      0.0000     -6.1387      0.0000      0.2040
     55.3333    293.0553      0.0000     -6.1619      0.0000      0.2053
     56.6575    293.0567      0.0000     -6.1850      0.0000      0.2067
     58.0026    293.0580      0.0000     -6.2079      0.0000      0.2080
     59.3689    293.0594      0.0000     -6.2306      0.0000      0.2094
     60.7568    293.0608      0.0000     -6.2531      0.0000      0.2108
     62.1665    293.0622      0.0000     -6.2755      0.0000      0.2122
     63.5983    293.0636      0.0000     -6.2977      0.0000      0.2136
     65.0525    293.0651      0.0000     -6.3198      0.0000      0.2151
     66.5295    293.0665      0.0000     -6.3417      0.0000      0.2165
     68.0295    293.0680      0.0000     -6.3634      0.0000      0.2180
     69.5528    293.0696      0.0000     -6.3850      0.0000      0.2196
     71.0998    293.0711      0.0000     -6.4065      0.0000      0.2211
     72.6708    293.0727      0.0000     -6.4278      0.0000      0.2227
     74.2661    293.0743      0.0000     -6.4490      0.0000      0.2243
     75.8860    293.0759      0.0000     -6.4701      0.0000      0.2259
     77.5309    293.0775      0.0000     -6.4910      0.0000      0.2275
     79.2011    293.0792      0.0000     -6.5118      0.0000      0.2292
     80.8970    293.0809      0.0000     -6.5325      0.0000      0.2309
     82.6188    293.0826      0.0000     -6.5530      0.0000      0.2326
     84.3670    293.0844      0.0000     -6.5734      0.0000      0.2344
     86.1419    293.0861      0.0000     -6.5937      0.0000      0.2361
     87.9439    293.0879      0.0000     -6.6139      0.0000      0.2379
     89.7733    293.0898      0.0000     -6.6340      0.0000      0.2398
     91.6305    293.0916      0.0000     -6.6540      0.0000      0.2416
     93.5159    293.0935      0.0000     -6.6739      0.0000      0.2435
     95.4298    293.0954      0.0000     -6.6936      0.0000      0.2454
     97.3726    293.0974      0.0000     -6.7133      0.0000      0.2474
     99.3447    293.0993      0.0000     -6.7329      0.0000      0.2493
    101.3466    293.1013      0.0000     -6.7523      0.0000      0.2513
    103.3785    293.1034      0.0000     -6.7717      0.0000      0.2534
    105.4410    293.1054      0.0000     -6.7910      0.0000      0.2554
    107.5343    293.1075      0.0000     -6.8101      0.0000      0.2575
    109.6590    293.1097      0.0000     -6.8292      0.0000      0.2597
    111.8154    293.1118      0.0000     -6.8482      0.0000      0.2618
    114.0040    293.1140      0.0000     -6.8671      0.0000      0.2640
    116.2252    293.1162      0.0000     -6.8860      0.0000      0.2662
    118.4794    293.1185      0.0000     -6.9047      0.0000      0.2685
    120.7671    293.1208      0.0000     -6.9234      0.0000      0.2708
    123.0887    293.1231      0.0000     -6.9419      0.0000      0.2731
    125.4446    293.1254      0.0000     -6.9604      0.0000      0.2754
    127.8353    293.1278      0.0000     -6.9789      0.0000      0.2778
    130.2613    293.1303      0.0000     -6.9972      0.0000      0.2803
    132.7231    293.1327      0.0000     -7.0155      0.0000      0.2827
    135.2210    293.1352      0.0000     -7.0337      0.0000      0.2852
    137.7556    293.1378      0.0000     -7.0518      0.0000      0.2878
    140.3275    293.1403      0.0000     -7.0698      0.0000      0.2903
    142.9369    293.1429      0.0000     -7.0878      0.0000      0.2929
    145.5845    293.1456      0.0000     -7.1057      0.0000      0.2956
    148.2708    293.1483      0.0000     -7.1235      0.0000      0.2983
    150.9963    293.1510      0.0000     -7.1413      0.0000      0.3010
    153.7614    293.1538      0.0000     -7.1590      0.0000      0.3038
    156.5667    293.1566      0.0000     -7.1767      0.0000      0.3066
    159.4128    293.1594      0.0000     -7.1942      0.0000      0.3094
    162.3001    293.1623      0.0000     -7.2117      0.0000      0.3123
    165.2293    293.1652      0.0000     -7.2292      0.0000      0.3152
    168.2008    293.1682      0.0000     -7.2466      0.0000      0.3182
    171.2152    293.1712      0.0000     -7.2639      0.0000      0.3212
    174.2730    293.1743      0.0000     -7.2812      0.0000      0.3243
    177.3749    293.1774      0.0000     -7.2984      0.0000      0.3274
    180.5214    293.1805      0.0000     -7.3155      0.0000      0.3305
    183.7131    293.1837      0.0000     -7.3326      0.0000      0.3337
    186.9506    293.1870      0.0000     -7.3497      0.0000      0.3370
    190.2345    293.1902      0.0000     -7.3667      0.0000      0.3402
    193.5653    293.1936      0.0000     -7.3836      0.0000      0.3436
    196.9438    293.1969      0.0000     -7.4005      0.0000      0.3469
    200.3704    293.2004      0.0000     -7.4173      0.0000      0.3504
    203.8459    293.2038      0.0000     -7.4341      0.0000      0.3538
    207.3709    293.2074      0.0000     -7.4508      0.0000      0.3574
    210.9460    293.2109      0.0000     -7.4675      0.0000      0.3609
    214.5718    293.2146      0.0000     -7.4841      0.0000      0.3646
    218.2491    293.2182      0.0000     -7.5007      0.0000      0.3682
    221.9784    293.2220      0.0000     -7.5172      0.0000      0.3720
    225.7605    293.2258      0.0000     -7.5337      0.0000      0.3758
    229.5961    293.2296      0.0000     -7.5502      0.0000      0.3796
    233.4858    293.2335      0.0000     -7.5665      0.0000      0.3835
    237.4303    293.2374      0.0000     -7.5829      0.0000      0.3874
    241.4304    293.2414      0.0000     -7.5992      0.0000      0.3914
    245.4867    293.2455      0.0000     -7.6154      0.0000      0.3955
    249.6000    293.2496      0.0000     -7.6317      0.0000      0.3996
    253.7710    293.2538      0.0000     -7.6478      0.0000      0.4038
    258.0005    293.2580      0.0000     -7.6639      0.0000      0.4080
    262.2892    293.2623      0.0000     -7.6800      0.0000      0.4123
    266.6379    293.2666      0.0000     -7.6961      0.0000      0.4166
    271.0473    293.2710      0.0000     -7.7121      0.0000      0.4210
    275.5183    293.2755      0.0000     -7.7280      0.0000      0.4255
    280.0515    293.2801      0.0000     -7.7440      0.0000      0.4301
    284.6479    293.2846      0.0000     -7.7598      0.0000      0.4346
    289.3082    293.2893      0.0000     -7.7757      0.0000      0.4393
    294.0332    293.2940      0.0000     -7.7915      0.0000      0.4440
    298.8238    293.2988      0.0000     -7.8073      0.0000      0.4488
    303.6809    293.3037      0.0000     -7.8230      0.0000      0.4537
    308.6051    293.3086      0.0000     -7.8387      0.0000      0.4586
    313.5975    293.3136      0.0000     -7.8543      0.0000      0.4636
    318.6589    293.3187      0.0000     -7.8700      0.0000      0.4687
    323.7901    293.3238      0.0000     -7.8855      0.0000      0.4738
    328.9921    293.3290      0.0000     -7.9011      0.0000      0.4790
    334.2658    293.3343      0.0000     -7.9166      0.0000      0.4843
    339.6121    293.3396      0.0000     -7.9321      0.0000      0.4896
    345.0318    293.3450      0.0000     -7.9475      0.0000      0.4950
    350.5260    293.3505      0.0000     -7.9629      0.0000      0.5005
    356.0955    293.3561      0.0000     -7.9783      0.0000      0.5061
    361.7414    293.3617      0.0000     -7.9937      0.0000      0.5117
    367.4646    293.3675      0.0000     -8.0090      0.0000      0.5175
    373.2661    293.3733      0.0000     -8.0243      0.0000      0.5233
    379.1469    293.3791      0.0000     -8.0395      0.0000      0.5291
    385.1079    293.3851      0.0000     -8.0547      0.0000      0.5351
    391.1503    293.3912      0.0000     -8.0699      0.0000      0.5412
    397.2750    293.3973      0.0000     -8.0851      0.0000      0.5473
    403.4831    293.4035      0.0000     -8.1002      0.0000      0.5535
    409.7756    293.4098      0.0000     -8.1153      0.0000      0.5598
    416.1536    293.4162      0.0000     -8.1304      0.0000      0.5662
    422.6182    293.4226      0.0000     -8.1454      0.0000      0.5726
    429.1705    293.4292      0.0000     -8.1604      0.0000      0.5792
    435.8116    293.4358      0.0000     -8.1754      0.0000      0.5858
    442.5425    293.4425      0.0000     -8.1904      0.0000      0.5925
    449.3645    293.4494      0.0000     -8.2053      0.0000      0.5994
    456.2787    293.4563      0.0000     -8.2202      0.0000      0.6063
    463.2863    293.4633      0.0000     -8.2351      0.0000      0.6133
    470.3883    293.4704      0.0000     -8.2499      0.0000      0.6204
    477.5861    293.4776      0.0000     -8.2647      0.0000      0.6276
