# Input Profiles
       z     |     thl     |     qt     |     u     |     v     |     tke
     0.25000   293.00025     0.00000    -0.44697     0.77326     0.15025
     0.75000   293.00075     0.00000    -0.98288     1.70038     0.15075
     1.25000   293.00125     0.00000    -1.23206     2.13147     0.15125
     1.75000   293.00175     0.00000    -1.39620     2.41542     0.15175
     2.25000   293.00225     0.00000    -1.51879     2.62750     0.15225
     2.75000   293.00275     0.00000    -1.61668     2.79685     0.15275
     3.25000   293.00325     0.00000    -1.69817     2.93783     0.15325
     3.75000   293.00375     0.00000    -1.76797     3.05859     0.15375
     4.25000   293.00425     0.00000    -1.82903     3.16422     0.15425
     4.75000   293.00475     0.00000    -1.88328     3.25808     0.15475
     5.25000   293.00525     0.00000    -1.93210     3.34254     0.15525
     5.75000   293.00575     0.00000    -1.97648     3.41931     0.15575
     6.25000   293.00625     0.00000    -2.01715     3.48968     0.15625
     6.75000   293.00675     0.00000    -2.05470     3.55462     0.15675
     7.25000   293.00725     0.00000    -2.08955     3.61493     0.15725
     7.75000   293.00775     0.00000    -2.12209     3.67121     0.15775
     8.25000   293.00825     0.00000    -2.15258     3.72397     0.15825
     8.75000   293.00875     0.00000    -2.18129     3.77363     0.15875
     9.25000   293.00925     0.00000    -2.20839     3.82052     0.15925
     9.75000   293.00975     0.00000    -2.23407     3.86495     0.15975
    10.25000   293.01025     0.00000    -2.25847     3.90715     0.16025
    10.75000   293.01075     0.00000    -2.28170     3.94735     0.16075
    11.25000   293.01125     0.00000    -2.30388     3.98571     0.16125
    11.75000   293.01175     0.00000    -2.32509     4.02241     0.16175
    12.25000   293.01225     0.00000    -2.34542     4.05758     0.16225
    12.75000   293.01275     0.00000    -2.36493     4.09134     0.16275
    13.25000   293.01325     0.00000    -2.38370     4.12380     0.16325
    13.75000   293.01375     0.00000    -2.40177     4.15506     0.16375
    14.25000   293.01425     0.00000    -2.41919     4.18520     0.16425
    14.75000   293.01475     0.00000    -2.43601     4.21430     0.16475
    15.32750   293.01533     0.00000    -2.45475     4.24671     0.16533
    15.98830   293.01599     0.00000    -2.47534     4.28233     0.16599
    16.66078   293.01666     0.00000    -2.49544     4.31710     0.16666
    17.34512   293.01735     0.00000    -2.51507     4.35107     0.16735
    18.04147   293.01804     0.00000    -2.53427     4.38429     0.16804
    18.75002   293.01875     0.00000    -2.55306     4.41680     0.16875
    19.47093   293.01947     0.00000    -2.57147     4.44864     0.16947
    20.20439   293.02020     0.00000    -2.58950     4.47984     0.17020
    20.95057   293.02095     0.00000    -2.60720     4.51045     0.17095
    21.70965   293.02171     0.00000    -2.62456     4.54048     0.17171
    22.48182   293.02248     0.00000    -2.64161     4.56998     0.17248
    23.26726   293.02327     0.00000    -2.65836     4.59896     0.17327
    24.06617   293.02407     0.00000    -2.67483     4.62745     0.17407
    24.87872   293.02488     0.00000    -2.69102     4.65547     0.17488
    25.70512   293.02571     0.00000    -2.70696     4.68305     0.17571
    26.54556   293.02655     0.00000    -2.72266     4.71020     0.17655
    27.40023   293.02740     0.00000    -2.73812     4.73694     0.17740
    28.26935   293.02827     0.00000    -2.75335     4.76329     0.17827
    29.15310   293.02915     0.00000    -2.76836     4.78927     0.17915
    30.05171   293.03005     0.00000    -2.78317     4.81489     0.18005
    30.96537   293.03097     0.00000    -2.79778     4.84016     0.18097
    31.89430   293.03189     0.00000    -2.81220     4.86511     0.18189
    32.83872   293.03284     0.00000    -2.82644     4.88973     0.18284
    33.79883   293.03380     0.00000    -2.84049     4.91405     0.18380
    34.77486   293.03477     0.00000    -2.85438     4.93808     0.18477
    35.76703   293.03577     0.00000    -2.86810     4.96182     0.18577
    36.77556   293.03678     0.00000    -2.88167     4.98529     0.18678
    37.80070   293.03780     0.00000    -2.89508     5.00849     0.18780
    38.84265   293.03884     0.00000    -2.90834     5.03143     0.18884
    39.90167   293.03990     0.00000    -2.92146     5.05413     0.18990
    40.97798   293.04098     0.00000    -2.93445     5.07660     0.19098
    42.07182   293.04207     0.00000    -2.94730     5.09883     0.19207
    43.18345   293.04318     0.00000    -2.96002     5.12084     0.19318
    44.31310   293.04431     0.00000    -2.97262     5.14263     0.19431
    45.46103   293.04546     0.00000    -2.98509     5.16421     0.19546
    46.62748   293.04663     0.00000    -2.99745     5.18559     0.19663
    47.81272   293.04781     0.00000    -3.00970     5.20677     0.19781
    49.01699   293.04902     0.00000    -3.02183     5.22777     0.19902
    50.24058   293.05024     0.00000    -3.03386     5.24857     0.20024
    51.48373   293.05148     0.00000    -3.04578     5.26920     0.20148
    52.74672   293.05275     0.00000    -3.05760     5.28965     0.20275
    54.02982   293.05403     0.00000    -3.06933     5.30994     0.20403
    55.33331   293.05533     0.00000    -3.08096     5.33005     0.20533
    56.65747   293.05666     0.00000    -3.09249     5.35001     0.20666
    58.00258   293.05800     0.00000    -3.10394     5.36981     0.20800
    59.36892   293.05937     0.00000    -3.11530     5.38946     0.20937
    60.75679   293.06076     0.00000    -3.12657     5.40896     0.21076
    62.16648   293.06217     0.00000    -3.13776     5.42832     0.21217
    63.59829   293.06360     0.00000    -3.14886     5.44754     0.21360
    65.05252   293.06505     0.00000    -3.15989     5.46661     0.21505
    66.52947   293.06653     0.00000    -3.17084     5.48556     0.21653
    68.02946   293.06803     0.00000    -3.18172     5.50438     0.21803
    69.55279   293.06955     0.00000    -3.19252     5.52306     0.21955
    71.09979   293.07110     0.00000    -3.20325     5.54163     0.22110
    72.67077   293.07267     0.00000    -3.21391     5.56007     0.22267
    74.26606   293.07427     0.00000    -3.22451     5.57840     0.22427
    75.88599   293.07589     0.00000    -3.23503     5.59661     0.22589
    77.53089   293.07753     0.00000    -3.24549     5.61470     0.22753
    79.20110   293.07920     0.00000    -3.25589     5.63269     0.22920
    80.89696   293.08090     0.00000    -3.26623     5.65057     0.23090
    82.61882   293.08262     0.00000    -3.27650     5.66834     0.23262
    84.36703   293.08437     0.00000    -3.28671     5.68601     0.23437
    86.14194   293.08614     0.00000    -3.29687     5.70358     0.23614
    87.94391   293.08794     0.00000    -3.30697     5.72105     0.23794
    89.77331   293.08977     0.00000    -3.31701     5.73843     0.23977
    91.63050   293.09163     0.00000    -3.32700     5.75571     0.24163
    93.51585   293.09352     0.00000    -3.33693     5.77290     0.24352
    95.42975   293.09543     0.00000    -3.34682     5.78999     0.24543
    97.37258   293.09737     0.00000    -3.35665     5.80700     0.24737
    99.34472   293.09934     0.00000    -3.36643     5.82392     0.24934
   101.34657   293.10135     0.00000    -3.37616     5.84076     0.25135
   103.37852   293.10338     0.00000    -3.38585     5.85751     0.25338
   105.44097   293.10544     0.00000    -3.39548     5.87418     0.25544
   107.53433   293.10753     0.00000    -3.40507     5.89077     0.25753
   109.65902   293.10966     0.00000    -3.41462     5.90728     0.25966
   111.81545   293.11182     0.00000    -3.42411     5.92372     0.26182
   114.00404   293.11400     0.00000    -3.43357     5.94008     0.26400
   116.22522   293.11623     0.00000    -3.44298     5.95636     0.26623
   118.47942   293.11848     0.00000    -3.45235     5.97257     0.26848
   120.76708   293.12077     0.00000    -3.46168     5.98871     0.27077
   123.08865   293.12309     0.00000    -3.47097     6.00478     0.27309
   125.44458   293.12544     0.00000    -3.48022     6.02078     0.27544
   127.83531   293.12784     0.00000    -3.48943     6.03671     0.27784
   130.26132   293.13026     0.00000    -3.49860     6.05258     0.28026
   132.72306   293.13272     0.00000    -3.50773     6.06838     0.28272
   135.22101   293.13522     0.00000    -3.51683     6.08411     0.28522
   137.75565   293.13776     0.00000    -3.52589     6.09978     0.28776
   140.32745   293.14033     0.00000    -3.53491     6.11539     0.29033
   142.93692   293.14294     0.00000    -3.54390     6.13094     0.29294
   145.58455   293.14558     0.00000    -3.55285     6.14643     0.29558
   148.27083   293.14827     0.00000    -3.56177     6.16186     0.29827
   150.99628   293.15100     0.00000    -3.57065     6.17723     0.30100
   153.76141   293.15376     0.00000    -3.57951     6.19255     0.30376
   156.56675   293.15657     0.00000    -3.58833     6.20780     0.30657
   159.41281   293.15941     0.00000    -3.59711     6.22301     0.30941
   162.30015   293.16230     0.00000    -3.60587     6.23815     0.31230
   165.22928   293.16523     0.00000    -3.61459     6.25325     0.31523
   168.20077   293.16820     0.00000    -3.62329     6.26829     0.31820
   171.21517   293.17122     0.00000    -3.63195     6.28328     0.32122
   174.27303   293.17427     0.00000    -3.64059     6.29822     0.32427
   177.37493   293.17737     0.00000    -3.64920     6.31311     0.32737
   180.52144   293.18052     0.00000    -3.65777     6.32795     0.33052
   183.71314   293.18371     0.00000    -3.66632     6.34274     0.33371
   186.95063   293.18695     0.00000    -3.67484     6.35748     0.33695
   190.23449   293.19023     0.00000    -3.68334     6.37217     0.34023
   193.56533   293.19357     0.00000    -3.69180     6.38682     0.34357
   196.94377   293.19694     0.00000    -3.70025     6.40142     0.34694
   200.37042   293.20037     0.00000    -3.70866     6.41598     0.35037
   203.84591   293.20385     0.00000    -3.71705     6.43049     0.35385
   207.37088   293.20737     0.00000    -3.72541     6.44496     0.35737
   210.94595   293.21095     0.00000    -3.73375     6.45939     0.36095
   214.57179   293.21457     0.00000    -3.74206     6.47377     0.36457
   218.24906   293.21825     0.00000    -3.75035     6.48811     0.36825
   221.97841   293.22198     0.00000    -3.75862     6.50241     0.37198
   225.76052   293.22576     0.00000    -3.76686     6.51667     0.37576
   229.59608   293.22960     0.00000    -3.77508     6.53088     0.37960
   233.48577   293.23349     0.00000    -3.78327     6.54506     0.38349
   237.43030   293.23743     0.00000    -3.79144     6.55920     0.38743
   241.43037   293.24143     0.00000    -3.79959     6.57330     0.39143
   245.48670   293.24549     0.00000    -3.80772     6.58736     0.39549
   249.60001   293.24960     0.00000    -3.81583     6.60138     0.39960
   253.77104   293.25377     0.00000    -3.82391     6.61537     0.40377
   258.00053   293.25800     0.00000    -3.83197     6.62932     0.40800
   262.28923   293.26229     0.00000    -3.84002     6.64323     0.41229
   266.63791   293.26664     0.00000    -3.84804     6.65710     0.41664
   271.04733   293.27105     0.00000    -3.85604     6.67095     0.42105
   275.51827   293.27552     0.00000    -3.86402     6.68475     0.42552
   280.05153   293.28005     0.00000    -3.87198     6.69853     0.43005
   284.64791   293.28465     0.00000    -3.87992     6.71226     0.43465
   289.30820   293.28931     0.00000    -3.88784     6.72597     0.43931
   294.03324   293.29403     0.00000    -3.89575     6.73964     0.44403
   298.82384   293.29882     0.00000    -3.90363     6.75328     0.44882
   303.68086   293.30368     0.00000    -3.91149     6.76688     0.45368
   308.60513   293.30861     0.00000    -3.91934     6.78046     0.45861
   313.59752   293.31360     0.00000    -3.92717     6.79400     0.46360
   318.65890   293.31866     0.00000    -3.93498     6.80751     0.46866
   323.79015   293.32379     0.00000    -3.94277     6.82099     0.47379
   328.99215   293.32899     0.00000    -3.95055     6.83444     0.47899
   334.26582   293.33427     0.00000    -3.95830     6.84786     0.48427
   339.61206   293.33961     0.00000    -3.96604     6.86126     0.48961
   345.03179   293.34503     0.00000    -3.97377     6.87462     0.49503
   350.52596   293.35053     0.00000    -3.98147     6.88795     0.50053
   356.09552   293.35610     0.00000    -3.98916     6.90125     0.50610
   361.74141   293.36174     0.00000    -3.99684     6.91453     0.51174
   367.46460   293.36746     0.00000    -4.00449     6.92777     0.51746
   373.26609   293.37327     0.00000    -4.01213     6.94099     0.52327
   379.14686   293.37915     0.00000    -4.01976     6.95419     0.52915
   385.10792   293.38511     0.00000    -4.02737     6.96735     0.53511
   391.15029   293.39115     0.00000    -4.03496     6.98049     0.54115
   397.27500   293.39727     0.00000    -4.04254     6.99360     0.54727
   403.48308   293.40348     0.00000    -4.05011     7.00669     0.55348
   409.77559   293.40978     0.00000    -4.05766     7.01974     0.55978
   416.15361   293.41615     0.00000    -4.06519     7.03278     0.56615
   422.61821   293.42262     0.00000    -4.07271     7.04579     0.57262
   429.17049   293.42917     0.00000    -4.08021     7.05877     0.57917
   435.81155   293.43581     0.00000    -4.08770     7.07173     0.58581
   442.54252   293.44254     0.00000    -4.09518     7.08466     0.59254
   449.36452   293.44936     0.00000    -4.10264     7.09757     0.59936
   456.27871   293.45628     0.00000    -4.11009     7.11046     0.60628
   463.28625   293.46329     0.00000    -4.11753     7.12332     0.61329
   470.38831   293.47039     0.00000    -4.12495     7.13616     0.62039
   477.58609   293.47759     0.00000    -4.13236     7.14898     0.62759
