(LS)2D case Utrecht Campus (idealized, SvdL 22 March 2024): 2023-07-13T04:00:00 to 2023-07-13T16:00:00
      z (m)            thl (K)        qt (kg kg-1)        u (m s-1)         v (m s-1)       tke (m2 s-2)    
+2.5000000000E+00 +2.8779955455E+02 +0.0000000000E+00 +7.1921801835E+00 -7.2869860379E-01 +1.0000000000E-01 
+7.5000000000E+00 +2.8779955455E+02 +0.0000000000E+00 +7.1921801835E+00 -7.2869860379E-01 +1.0000000000E-01 
+1.2500000000E+01 +2.8781386630E+02 +0.0000000000E+00 +7.1921801835E+00 -7.2869860379E-01 +1.0000000000E-01 
+1.7500000000E+01 +2.8784355412E+02 +0.0000000000E+00 +7.1921801835E+00 -7.2869860379E-01 +1.0000000000E-01 
+2.2500000000E+01 +2.8787324195E+02 +0.0000000000E+00 +7.1921801835E+00 -7.2869860379E-01 +1.0000000000E-01 
+2.7500000000E+01 +2.8790292978E+02 +0.0000000000E+00 +7.1921801835E+00 -7.2869860379E-01 +1.0000000000E-01 
+3.2500000000E+01 +2.8793076599E+02 +0.0000000000E+00 +7.1921801835E+00 -7.2869860379E-01 +1.0000000000E-01 
+3.7500000000E+01 +2.8795316746E+02 +0.0000000000E+00 +7.1921801835E+00 -7.2869860379E-01 +1.0000000000E-01 
+4.2500000000E+01 +2.8797556893E+02 +0.0000000000E+00 +7.1921801835E+00 -7.2869860379E-01 +1.0000000000E-01 
+4.7500000000E+01 +2.8799797040E+02 +0.0000000000E+00 +7.1921801835E+00 -7.2869860379E-01 +1.0000000000E-01 
+5.2500000000E+01 +2.8802037187E+02 +0.0000000000E+00 +7.1921801835E+00 -7.2869860379E-01 +1.0000000000E-01 
+5.7500000000E+01 +2.8804025655E+02 +0.0000000000E+00 +7.1921801835E+00 -7.2869860379E-01 +1.0000000000E-01 
+6.2500000000E+01 +2.8805861818E+02 +0.0000000000E+00 +7.1921801835E+00 -7.2869860379E-01 +1.0000000000E-01 
+6.7500000000E+01 +2.8807697980E+02 +0.0000000000E+00 +7.1921801835E+00 -7.2869860379E-01 +1.0000000000E-01 
+7.2500000000E+01 +2.8809534143E+02 +0.0000000000E+00 +7.1921801835E+00 -7.2869860379E-01 +1.0000000000E-01 
+7.7500000000E+01 +2.8811370305E+02 +0.0000000000E+00 +7.1921801835E+00 -7.2869860379E-01 +1.0000000000E-01 
+8.2500000000E+01 +2.8813256990E+02 +0.0000000000E+00 +7.1921801835E+00 -7.2869860379E-01 +1.0000000000E-01 
+8.7500000000E+01 +2.8815184565E+02 +0.0000000000E+00 +7.1921801835E+00 -7.2869860379E-01 +1.0000000000E-01 
+9.2500000000E+01 +2.8817112140E+02 +0.0000000000E+00 +7.1921801835E+00 -7.2869860379E-01 +1.0000000000E-01 
+9.7500000000E+01 +2.8819039715E+02 +0.0000000000E+00 +7.1921801835E+00 -7.2869860379E-01 +1.0000000000E-01 
+1.0250000000E+02 +2.8820967290E+02 +0.0000000000E+00 +7.1921801835E+00 -7.2869860379E-01 +1.0000000000E-01 
+1.0750000000E+02 +2.8822895006E+02 +0.0000000000E+00 +7.1921801835E+00 -7.2869860379E-01 +1.0000000000E-01 
+1.1250000000E+02 +2.8824857997E+02 +0.0000000000E+00 +7.1921801835E+00 -7.2869860379E-01 +1.0000000000E-01 
+1.1750000000E+02 +2.8826820987E+02 +0.0000000000E+00 +7.1921801835E+00 -7.2869860379E-01 +1.0000000000E-01 
+1.2250000000E+02 +2.8828783978E+02 +0.0000000000E+00 +7.1921801835E+00 -7.2869860379E-01 +1.0000000000E-01 
+1.2750000000E+02 +2.8830746969E+02 +0.0000000000E+00 +7.1921801835E+00 -7.2869860379E-01 +1.0000000000E-01 
+1.3250000000E+02 +2.8832709960E+02 +0.0000000000E+00 +7.1921801835E+00 -7.2869860379E-01 +1.0000000000E-01 
+1.3750000000E+02 +2.8834672950E+02 +0.0000000000E+00 +7.1921801835E+00 -7.2869860379E-01 +1.0000000000E-01 
+1.4250000000E+02 +2.8836789145E+02 +0.0000000000E+00 +7.1921801835E+00 -7.2869860379E-01 +1.0000000000E-01 
+1.4750000000E+02 +2.8838916151E+02 +0.0000000000E+00 +7.1921801835E+00 -7.2869860379E-01 +1.0000000000E-01 
+1.5250000000E+02 +2.8841043156E+02 +0.0000000000E+00 +7.1921801835E+00 -7.2869860379E-01 +1.0000000000E-01 
+1.5750000000E+02 +2.8843170161E+02 +0.0000000000E+00 +7.1921801835E+00 -7.2869860379E-01 +1.0000000000E-01 
+1.6250000000E+02 +2.8845297167E+02 +0.0000000000E+00 +7.1921801835E+00 -7.2869860379E-01 +1.0000000000E-01 
+1.6750000000E+02 +2.8847424172E+02 +0.0000000000E+00 +7.1921801835E+00 -7.2869860379E-01 +1.0000000000E-01 
+1.7250000000E+02 +2.8849582347E+02 +0.0000000000E+00 +7.1921801835E+00 -7.2869860379E-01 +1.0000000000E-01 
+1.7750000000E+02 +2.8851814300E+02 +0.0000000000E+00 +7.1921801835E+00 -7.2869860379E-01 +1.0000000000E-01 
+1.8250000000E+02 +2.8854046253E+02 +0.0000000000E+00 +7.1921801835E+00 -7.2869860379E-01 +1.0000000000E-01 
+1.8750000000E+02 +2.8856278205E+02 +0.0000000000E+00 +7.1921801835E+00 -7.2869860379E-01 +1.0000000000E-01 
+1.9250000000E+02 +2.8858510158E+02 +0.0000000000E+00 +7.1921801835E+00 -7.2869860379E-01 +1.0000000000E-01 
+1.9750000000E+02 +2.8860742111E+02 +0.0000000000E+00 +7.1921801835E+00 -7.2869860379E-01 +1.0000000000E-01 
+2.0250000000E+02 +2.8862974063E+02 +0.0000000000E+00 +7.1921801835E+00 -7.2869860379E-01 +1.0000000000E-01 
+2.0750000000E+02 +2.8865207477E+02 +0.0000000000E+00 +7.1921801835E+00 -7.2869860379E-01 +1.0000000000E-01 
+2.1250000000E+02 +2.8867473145E+02 +0.0000000000E+00 +7.1921801835E+00 -7.2869860379E-01 +1.0000000000E-01 
+2.1750000000E+02 +2.8869738813E+02 +0.0000000000E+00 +7.1921801835E+00 -7.2869860379E-01 +1.0000000000E-01 
+2.2250000000E+02 +2.8872004480E+02 +0.0000000000E+00 +7.1921801835E+00 -7.2869860379E-01 +1.0000000000E-01 
+2.2750000000E+02 +2.8874270148E+02 +0.0000000000E+00 +7.1921801835E+00 -7.2869860379E-01 +1.0000000000E-01 
+2.3250000000E+02 +2.8876535816E+02 +0.0000000000E+00 +7.1921801835E+00 -7.2869860379E-01 +1.0000000000E-01 
+2.3750000000E+02 +2.8878801484E+02 +0.0000000000E+00 +7.1921801835E+00 -7.2869860379E-01 +1.0000000000E-01 
+2.4250000000E+02 +2.8881067152E+02 +0.0000000000E+00 +7.1921801835E+00 -7.2869860379E-01 +1.0000000000E-01 
+2.4750000000E+02 +2.8883340153E+02 +0.0000000000E+00 +7.1921801835E+00 -7.2869860379E-01 +1.0000000000E-01 
+2.5252842140E+02 +2.8885679321E+02 +0.0000000000E+00 +7.1921801835E+00 -7.2869860379E-01 +1.0000000000E-01 
+2.5761400871E+02 +2.8888045083E+02 +0.0000000000E+00 +7.1921801835E+00 -7.2869860379E-01 +1.0000000000E-01 
+2.6275741183E+02 +2.8890437740E+02 +0.0000000000E+00 +7.1921801835E+00 -7.2869860379E-01 +1.0000000000E-01 
+2.6795928803E+02 +2.8892857598E+02 +0.0000000000E+00 +7.1921801835E+00 -7.2869860379E-01 +1.0000000000E-01 
+2.7322030207E+02 +2.8895304967E+02 +0.0000000000E+00 +7.1921801835E+00 -7.2869860379E-01 +1.0000000000E-01 
+2.7854112627E+02 +2.8897780158E+02 +0.0000000000E+00 +7.1921801835E+00 -7.2869860379E-01 +1.0000000000E-01 
+2.8392244057E+02 +2.8900283489E+02 +0.0000000000E+00 +7.1921801835E+00 -7.2869860379E-01 +1.0000000000E-01 
+2.8936493268E+02 +2.8902815279E+02 +0.0000000000E+00 +7.1921801835E+00 -7.2869860379E-01 +1.0000000000E-01 
+2.9486929807E+02 +2.8905303166E+02 +0.0000000000E+00 +7.1921801835E+00 -7.2869860379E-01 +1.0000000000E-01 
+3.0043624018E+02 +2.8907807491E+02 +0.0000000000E+00 +7.1921801835E+00 -7.2869860379E-01 +1.0000000000E-01 
+3.0606647040E+02 +2.8910340287E+02 +0.0000000000E+00 +7.1921801835E+00 -7.2869860379E-01 +1.0000000000E-01 
+3.1176070824E+02 +2.8912901876E+02 +0.0000000000E+00 +7.1921801835E+00 -7.2869860379E-01 +1.0000000000E-01 
+3.1751968135E+02 +2.8915492588E+02 +0.0000000000E+00 +7.1921801835E+00 -7.2869860379E-01 +1.0000000000E-01 
+3.2334412570E+02 +2.8918112752E+02 +0.0000000000E+00 +7.1921801835E+00 -7.2869860379E-01 +1.0000000000E-01 
+3.2923478560E+02 +2.8920762704E+02 +0.0000000000E+00 +7.1921801835E+00 -7.2869860379E-01 +1.0000000000E-01 
+3.3519241381E+02 +2.8923442782E+02 +0.0000000000E+00 +7.1921801835E+00 -7.2869860379E-01 +1.0000000000E-01 
+3.4121777168E+02 +2.8926102682E+02 +0.0000000000E+00 +7.1921801835E+00 -7.2869860379E-01 +1.0000000000E-01 
+3.4731162919E+02 +2.8928765204E+02 +0.0000000000E+00 +7.1921801835E+00 -7.2869860379E-01 +1.0000000000E-01 
+3.5347476508E+02 +2.8931457995E+02 +0.0000000000E+00 +7.1921801835E+00 -7.2869860379E-01 +1.0000000000E-01 
+3.5970796696E+02 +2.8934181399E+02 +0.0000000000E+00 +7.1921801835E+00 -7.2869860379E-01 +1.0000000000E-01 
+3.6601203136E+02 +2.8936935765E+02 +0.0000000000E+00 +7.1921801835E+00 -7.2869860379E-01 +1.0000000000E-01 
+3.7238776390E+02 +2.8939721443E+02 +0.0000000000E+00 +7.1921801835E+00 -7.2869860379E-01 +1.0000000000E-01 
+3.7883597934E+02 +2.8942538791E+02 +0.0000000000E+00 +7.1921801835E+00 -7.2869860379E-01 +1.0000000000E-01 
+3.8535750170E+02 +2.8945388168E+02 +0.0000000000E+00 +7.1921801835E+00 -7.2869860379E-01 +1.0000000000E-01 
+3.9195316438E+02 +2.8948242273E+02 +0.0000000000E+00 +7.1921801835E+00 -7.2869860379E-01 +1.0000000000E-01 
+3.9862381025E+02 +2.8951099656E+02 +0.0000000000E+00 +7.1921801835E+00 -7.2869860379E-01 +1.0000000000E-01 
+4.0537029175E+02 +2.8953989522E+02 +0.0000000000E+00 +7.1921801835E+00 -7.2869860379E-01 +1.0000000000E-01 
+4.1219347104E+02 +2.8956912243E+02 +0.0000000000E+00 +7.1921801835E+00 -7.2869860379E-01 +1.0000000000E-01 
+4.1909422004E+02 +2.8959868190E+02 +0.0000000000E+00 +7.1921801835E+00 -7.2869860379E-01 +1.0000000000E-01 
+4.2607342063E+02 +2.8962857742E+02 +0.0000000000E+00 +7.1921801835E+00 -7.2869860379E-01 +1.0000000000E-01 
+4.3313196468E+02 +2.8965881281E+02 +0.0000000000E+00 +7.1921801835E+00 -7.2869860379E-01 +1.0000000000E-01 
+4.4027075421E+02 +2.8968939194E+02 +0.0000000000E+00 +7.1921801835E+00 -7.2869860379E-01 +1.0000000000E-01 
+4.4749070149E+02 +2.8971800151E+02 +0.0000000000E+00 +7.1921801835E+00 -7.2869860379E-01 +1.0000000000E-01 
+4.5479272918E+02 +2.8974315333E+02 +0.0000000000E+00 +7.1921801835E+00 -7.2869860379E-01 +1.0000000000E-01 
+4.6217777041E+02 +2.8976859110E+02 +0.0000000000E+00 +7.1921801835E+00 -7.2869860379E-01 +1.0000000000E-01 
+4.6964676892E+02 +2.8979431805E+02 +0.0000000000E+00 +7.1921801835E+00 -7.2869860379E-01 +1.0000000000E-01 
+4.7720067919E+02 +2.8982033748E+02 +0.0000000000E+00 +7.1921801835E+00 -7.2869860379E-01 +1.0000000000E-01 
+4.8484046655E+02 +2.8984665272E+02 +0.0000000000E+00 +7.1921801835E+00 -7.2869860379E-01 +1.0000000000E-01 
+4.9256710728E+02 +2.8987326712E+02 +0.0000000000E+00 +7.1921801835E+00 -7.2869860379E-01 +1.0000000000E-01 
+5.0038158879E+02 +2.8990018409E+02 +0.0000000000E+00 +7.1921801835E+00 -7.2869860379E-01 +1.0000000000E-01 
+5.0828490971E+02 +2.8992663867E+02 +0.0000000000E+00 +7.1921801835E+00 -7.2869860379E-01 +1.0000000000E-01 
+5.1627808000E+02 +2.8995182012E+02 +0.0000000000E+00 +7.1921801835E+00 -7.2869860379E-01 +1.0000000000E-01 
+5.2436212113E+02 +2.8997728785E+02 +0.0000000000E+00 +7.1921801835E+00 -7.2869860379E-01 +1.0000000000E-01 
+5.3253806617E+02 +2.9000304511E+02 +0.0000000000E+00 +7.1921801835E+00 -7.2869860379E-01 +1.0000000000E-01 
+5.4080695993E+02 +2.9002909520E+02 +0.0000000000E+00 +7.1921801835E+00 -7.2869860379E-01 +1.0000000000E-01 
+5.4916985910E+02 +2.9005544143E+02 +0.0000000000E+00 +7.1921801835E+00 -7.2869860379E-01 +1.0000000000E-01 
+5.5762783239E+02 +2.9008208719E+02 +0.0000000000E+00 +7.1921801835E+00 -7.2869860379E-01 +1.0000000000E-01 
+5.6618196066E+02 +2.9010903587E+02 +0.0000000000E+00 +7.1921801835E+00 -7.2869860379E-01 +1.0000000000E-01 
+5.7483333705E+02 +2.9014625875E+02 +0.0000000000E+00 +7.1921801835E+00 -7.2869860379E-01 +1.0000000000E-01 
+5.8358306713E+02 +2.9020369922E+02 +0.0000000000E+00 +7.1921801835E+00 -7.2869860379E-01 +1.0000000000E-01 
+5.9243226905E+02 +2.9026179271E+02 +0.0000000000E+00 +7.1921801835E+00 -7.2869860379E-01 +1.0000000000E-01 
+6.0138207364E+02 +2.9032054664E+02 +0.0000000000E+00 +7.1921801835E+00 -7.2869860379E-01 +1.0000000000E-01 
+6.1043362463E+02 +2.9037996852E+02 +0.0000000000E+00 +7.1921801835E+00 -7.2869860379E-01 +1.0000000000E-01 
+6.1958807872E+02 +2.9044006593E+02 +0.0000000000E+00 +7.1921801835E+00 -7.2869860379E-01 +1.0000000000E-01 
+6.2884660577E+02 +2.9050084657E+02 +0.0000000000E+00 +7.1921801835E+00 -7.2869860379E-01 +1.0000000000E-01 
+6.3821038894E+02 +2.9056231820E+02 +0.0000000000E+00 +7.1921801835E+00 -7.2869860379E-01 +1.0000000000E-01 
+6.4768062484E+02 +2.9062200729E+02 +0.0000000000E+00 +7.1921801835E+00 -7.2869860379E-01 +1.0000000000E-01 
+6.5725852368E+02 +2.9067865793E+02 +0.0000000000E+00 +7.1921801835E+00 -7.2869860379E-01 +1.0000000000E-01 
+6.6694530944E+02 +2.9073595260E+02 +0.0000000000E+00 +7.1921801835E+00 -7.2869860379E-01 +1.0000000000E-01 
+6.7674222001E+02 +2.9079389863E+02 +0.0000000000E+00 +7.1921801835E+00 -7.2869860379E-01 +1.0000000000E-01 
+6.8665050734E+02 +2.9085250343E+02 +0.0000000000E+00 +7.1921801835E+00 -7.2869860379E-01 +1.0000000000E-01 
+6.9667143763E+02 +2.9091177448E+02 +0.0000000000E+00 +7.1921801835E+00 -7.2869860379E-01 +1.0000000000E-01 
+7.0680629147E+02 +2.9097171935E+02 +0.0000000000E+00 +7.1921801835E+00 -7.2869860379E-01 +1.0000000000E-01 
+7.1705636401E+02 +2.9103234571E+02 +0.0000000000E+00 +7.1921801835E+00 -7.2869860379E-01 +1.0000000000E-01 
+7.2742296510E+02 +2.9107885836E+02 +0.0000000000E+00 +7.1921801835E+00 -7.2869860379E-01 +1.0000000000E-01 
+7.3790741953E+02 +2.9111261801E+02 +0.0000000000E+00 +7.1921801835E+00 -7.2869860379E-01 +1.0000000000E-01 
+7.4851106710E+02 +2.9114676145E+02 +0.0000000000E+00 +7.1921801835E+00 -7.2869860379E-01 +1.0000000000E-01 
+7.5923526288E+02 +2.9118129306E+02 +0.0000000000E+00 +7.1921801835E+00 -7.2869860379E-01 +1.0000000000E-01 
+7.7008137732E+02 +2.9121621724E+02 +0.0000000000E+00 +7.1921801835E+00 -7.2869860379E-01 +1.0000000000E-01 
+7.8105079646E+02 +2.9125153846E+02 +0.0000000000E+00 +7.1921801835E+00 -7.2869860379E-01 +1.0000000000E-01 
+7.9214492210E+02 +2.9128726123E+02 +0.0000000000E+00 +7.1921801835E+00 -7.2869860379E-01 +1.0000000000E-01 
+8.0336517198E+02 +2.9132339012E+02 +0.0000000000E+00 +7.1921801835E+00 -7.2869860379E-01 +1.0000000000E-01 
+8.1471297994E+02 +2.9134450953E+02 +0.0000000000E+00 +7.1921801835E+00 -7.2869860379E-01 +1.0000000000E-01 
+8.2618979613E+02 +2.9135990897E+02 +0.0000000000E+00 +7.1921801835E+00 -7.2869860379E-01 +1.0000000000E-01 
+8.3779708720E+02 +2.9137548347E+02 +0.0000000000E+00 +7.1921801835E+00 -7.2869860379E-01 +1.0000000000E-01 
+8.4953633646E+02 +2.9139123503E+02 +0.0000000000E+00 +7.1921801835E+00 -7.2869860379E-01 +1.0000000000E-01 
+8.6140904407E+02 +2.9140716566E+02 +0.0000000000E+00 +7.1921801835E+00 -7.2869860379E-01 +1.0000000000E-01 
+8.7341672727E+02 +2.9142327740E+02 +0.0000000000E+00 +7.1921801835E+00 -7.2869860379E-01 +1.0000000000E-01 
+8.8556092054E+02 +2.9143957231E+02 +0.0000000000E+00 +7.1921801835E+00 -7.2869860379E-01 +1.0000000000E-01 
+8.9784317580E+02 +2.9145605247E+02 +0.0000000000E+00 +7.1921801835E+00 -7.2869860379E-01 +1.0000000000E-01 
+9.1026506261E+02 +2.9147732816E+02 +0.0000000000E+00 +7.1921801835E+00 -7.2869860379E-01 +1.0000000000E-01 
+9.2282816839E+02 +2.9149889071E+02 +0.0000000000E+00 +7.1921801835E+00 -7.2869860379E-01 +1.0000000000E-01 
+9.3553409860E+02 +2.9152069840E+02 +0.0000000000E+00 +7.1921801835E+00 -7.2869860379E-01 +1.0000000000E-01 
+9.4838447693E+02 +2.9154275402E+02 +0.0000000000E+00 +7.1921801835E+00 -7.2869860379E-01 +1.0000000000E-01 
+9.6138094556E+02 +2.9156506037E+02 +0.0000000000E+00 +7.1921801835E+00 -7.2869860379E-01 +1.0000000000E-01 
+9.7452516532E+02 +2.9158762031E+02 +0.0000000000E+00 +7.1921801835E+00 -7.2869860379E-01 +1.0000000000E-01 
+9.8781881593E+02 +2.9161043673E+02 +0.0000000000E+00 +7.1921801835E+00 -7.2869860379E-01 +1.0000000000E-01 
+1.0012635962E+03 +2.9163465812E+02 +0.0000000000E+00 +7.1921801835E+00 -7.2869860379E-01 +1.0000000000E-01 
+1.0148612243E+03 +2.9166141757E+02 +0.0000000000E+00 +7.1921801835E+00 -7.2869860379E-01 +1.0000000000E-01 
+1.0286134378E+03 +2.9168848124E+02 +0.0000000000E+00 +7.1921801835E+00 -7.2869860379E-01 +1.0000000000E-01 
+1.0425219942E+03 +2.9171585258E+02 +0.0000000000E+00 +7.1921801835E+00 -7.2869860379E-01 +1.0000000000E-01 
+1.0565886708E+03 +2.9174353509E+02 +0.0000000000E+00 +7.1921801835E+00 -7.2869860379E-01 +1.0000000000E-01 
+1.0708152653E+03 +2.9177153232E+02 +0.0000000000E+00 +7.1921801835E+00 -7.2869860379E-01 +1.0000000000E-01 
+1.0852035957E+03 +2.9179984783E+02 +0.0000000000E+00 +7.1921801835E+00 -7.2869860379E-01 +1.0000000000E-01 
+1.0997555007E+03 +2.9182848525E+02 +0.0000000000E+00 +7.1921801835E+00 -7.2869860379E-01 +1.0000000000E-01 
+1.1144728399E+03 +2.9185664366E+02 +0.0000000000E+00 +7.1921801835E+00 -7.2869860379E-01 +1.0000000000E-01 
+1.1293574941E+03 +2.9188487495E+02 +0.0000000000E+00 +7.1921801835E+00 -7.2869860379E-01 +1.0000000000E-01 
+1.1444113653E+03 +2.9191342719E+02 +0.0000000000E+00 +7.1921801835E+00 -7.2869860379E-01 +1.0000000000E-01 
+1.1596363774E+03 +2.9194230403E+02 +0.0000000000E+00 +7.1921801835E+00 -7.2869860379E-01 +1.0000000000E-01 
+1.1750344759E+03 +2.9197150916E+02 +0.0000000000E+00 +7.1921801835E+00 -7.2869860379E-01 +1.0000000000E-01 
+1.1906076286E+03 +2.9200104630E+02 +0.0000000000E+00 +7.1921801835E+00 -7.2869860379E-01 +1.0000000000E-01 
+1.2063578257E+03 +2.9203091925E+02 +0.0000000000E+00 +7.1921801835E+00 -7.2869860379E-01 +1.0000000000E-01 
+1.2222870798E+03 +2.9206299802E+02 +0.0000000000E+00 +7.1921801835E+00 -7.2869860379E-01 +1.0000000000E-01 
+1.2383974266E+03 +2.9210024879E+02 +0.0000000000E+00 +7.1921801835E+00 -7.2869860379E-01 +1.0000000000E-01 
+1.2546909249E+03 +2.9213792304E+02 +0.0000000000E+00 +7.1921801835E+00 -7.2869860379E-01 +1.0000000000E-01 
+1.2711696567E+03 +2.9217602559E+02 +0.0000000000E+00 +7.1921801835E+00 -7.2869860379E-01 +1.0000000000E-01 
+1.2878357280E+03 +2.9221456131E+02 +0.0000000000E+00 +7.1921801835E+00 -7.2869860379E-01 +1.0000000000E-01 
+1.3046912686E+03 +2.9225353513E+02 +0.0000000000E+00 +7.1921801835E+00 -7.2869860379E-01 +1.0000000000E-01 
+1.3217384324E+03 +2.9229295202E+02 +0.0000000000E+00 +7.1921801835E+00 -7.2869860379E-01 +1.0000000000E-01 
+1.3389793978E+03 +2.9233281703E+02 +0.0000000000E+00 +7.1921801835E+00 -7.2869860379E-01 +1.0000000000E-01 
+1.3564163683E+03 +2.9237948422E+02 +0.0000000000E+00 +7.1921801835E+00 -7.2869860379E-01 +1.0000000000E-01 
+1.3740515719E+03 +2.9242749604E+02 +0.0000000000E+00 +7.1921801835E+00 -7.2869860379E-01 +1.0000000000E-01 
+1.3918872625E+03 +2.9247605370E+02 +0.0000000000E+00 +7.1921801835E+00 -7.2869860379E-01 +1.0000000000E-01 
+1.4099257191E+03 +2.9252516338E+02 +0.0000000000E+00 +7.1921801835E+00 -7.2869860379E-01 +1.0000000000E-01 
+1.4281692470E+03 +2.9257483137E+02 +0.0000000000E+00 +7.1921801835E+00 -7.2869860379E-01 +1.0000000000E-01 
+1.4466201776E+03 +2.9262506401E+02 +0.0000000000E+00 +7.1921801835E+00 -7.2869860379E-01 +1.0000000000E-01 
+1.4652808687E+03 +2.9267586773E+02 +0.0000000000E+00 +7.1921801835E+00 -7.2869860379E-01 +1.0000000000E-01 
+1.4841537050E+03 +2.9272985657E+02 +0.0000000000E+00 +7.1921801835E+00 -7.2869860379E-01 +1.0000000000E-01 
+1.5032410982E+03 +2.9278628793E+02 +0.0000000000E+00 +7.1921801835E+00 -7.2869860379E-01 +1.0000000000E-01 
+1.5225454876E+03 +2.9284336084E+02 +0.0000000000E+00 +7.1921801835E+00 -7.2869860379E-01 +1.0000000000E-01 
+1.5420693402E+03 +2.9290108259E+02 +0.0000000000E+00 +7.1921801835E+00 -7.2869860379E-01 +1.0000000000E-01 
+1.5618151508E+03 +2.9295946054E+02 +0.0000000000E+00 +7.1921801835E+00 -7.2869860379E-01 +1.0000000000E-01 
+1.5817854428E+03 +2.9301850217E+02 +0.0000000000E+00 +7.1921801835E+00 -7.2869860379E-01 +1.0000000000E-01 
+1.6019827684E+03 +2.9307821502E+02 +0.0000000000E+00 +7.1921801835E+00 -7.2869860379E-01 +1.0000000000E-01 
+1.6224097084E+03 +2.9313807751E+02 +0.0000000000E+00 +7.1921801835E+00 -7.2869860379E-01 +1.0000000000E-01 
+1.6430688733E+03 +2.9319779585E+02 +0.0000000000E+00 +7.1921801835E+00 -7.2869860379E-01 +1.0000000000E-01 
+1.6639629032E+03 +2.9325819310E+02 +0.0000000000E+00 +7.1921801835E+00 -7.2869860379E-01 +1.0000000000E-01 
+1.6850944681E+03 +2.9331927699E+02 +0.0000000000E+00 +7.1921801835E+00 -7.2869860379E-01 +1.0000000000E-01 
+1.7064662684E+03 +2.9338105530E+02 +0.0000000000E+00 +7.1921801835E+00 -7.2869860379E-01 +1.0000000000E-01 
+1.7280810354E+03 +2.9344353595E+02 +0.0000000000E+00 +7.1921801835E+00 -7.2869860379E-01 +1.0000000000E-01 
+1.7499415311E+03 +2.9350672692E+02 +0.0000000000E+00 +7.1921801835E+00 -7.2869860379E-01 +1.0000000000E-01 
+1.7720505492E+03 +2.9357322604E+02 +0.0000000000E+00 +7.1921801835E+00 -7.2869860379E-01 +1.0000000000E-01 
+1.7944109150E+03 +2.9364651177E+02 +0.0000000000E+00 +7.1921801835E+00 -7.2869860379E-01 +1.0000000000E-01 
+1.8170254860E+03 +2.9372063065E+02 +0.0000000000E+00 +7.1921801835E+00 -7.2869860379E-01 +1.0000000000E-01 
+1.8398971520E+03 +2.9379559216E+02 +0.0000000000E+00 +7.1921801835E+00 -7.2869860379E-01 +1.0000000000E-01 
+1.8630288360E+03 +2.9387140587E+02 +0.0000000000E+00 +7.1921801835E+00 -7.2869860379E-01 +1.0000000000E-01 
+1.8864234939E+03 +2.9394808148E+02 +0.0000000000E+00 +7.1921801835E+00 -7.2869860379E-01 +1.0000000000E-01 
+1.9100841154E+03 +2.9402562877E+02 +0.0000000000E+00 +7.1921801835E+00 -7.2869860379E-01 +1.0000000000E-01 
+1.9340137240E+03 +2.9410772304E+02 +0.0000000000E+00 +7.1921801835E+00 -7.2869860379E-01 +1.0000000000E-01 
+1.9582153779E+03 +2.9419849424E+02 +0.0000000000E+00 +7.1921801835E+00 -7.2869860379E-01 +1.0000000000E-01 
+1.9826921697E+03 +2.9429029737E+02 +0.0000000000E+00 +7.1921801835E+00 -7.2869860379E-01 +1.0000000000E-01 
+2.0074472274E+03 +2.9438314417E+02 +0.0000000000E+00 +7.1921801835E+00 -7.2869860379E-01 +1.0000000000E-01 
