(LS)2D case Utrecht Campus (idealized, SvdL 22 March 2024): 2023-07-13T04:00:00 to 2023-07-13T16:00:00
      z (m)            sv1 (-)           sv2 (-)        qr (kg kg-1)      nr (kg kg-1)    
+2.5000000000E+00 +0.0000000000E+00 +0.0000000000E+00 +0.0000000000E+00 +0.0000000000E+00 
+7.5000000000E+00 +0.0000000000E+00 +0.0000000000E+00 +0.0000000000E+00 +0.0000000000E+00 
+1.2500000000E+01 +0.0000000000E+00 +0.0000000000E+00 +0.0000000000E+00 +0.0000000000E+00 
+1.7500000000E+01 +0.0000000000E+00 +0.0000000000E+00 +0.0000000000E+00 +0.0000000000E+00 
+2.2500000000E+01 +0.0000000000E+00 +0.0000000000E+00 +0.0000000000E+00 +0.0000000000E+00 
+2.7500000000E+01 +0.0000000000E+00 +0.0000000000E+00 +0.0000000000E+00 +0.0000000000E+00 
+3.2500000000E+01 +0.0000000000E+00 +0.0000000000E+00 +0.0000000000E+00 +0.0000000000E+00 
+3.7500000000E+01 +0.0000000000E+00 +0.0000000000E+00 +0.0000000000E+00 +0.0000000000E+00 
+4.2500000000E+01 +0.0000000000E+00 +0.0000000000E+00 +0.0000000000E+00 +0.0000000000E+00 
+4.7500000000E+01 +0.0000000000E+00 +0.0000000000E+00 +0.0000000000E+00 +0.0000000000E+00 
+5.2500000000E+01 +0.0000000000E+00 +0.0000000000E+00 +0.0000000000E+00 +0.0000000000E+00 
+5.7500000000E+01 +0.0000000000E+00 +0.0000000000E+00 +0.0000000000E+00 +0.0000000000E+00 
+6.2500000000E+01 +0.0000000000E+00 +0.0000000000E+00 +0.0000000000E+00 +0.0000000000E+00 
+6.7500000000E+01 +0.0000000000E+00 +0.0000000000E+00 +0.0000000000E+00 +0.0000000000E+00 
+7.2500000000E+01 +0.0000000000E+00 +0.0000000000E+00 +0.0000000000E+00 +0.0000000000E+00 
+7.7500000000E+01 +0.0000000000E+00 +0.0000000000E+00 +0.0000000000E+00 +0.0000000000E+00 
+8.2500000000E+01 +0.0000000000E+00 +0.0000000000E+00 +0.0000000000E+00 +0.0000000000E+00 
+8.7500000000E+01 +0.0000000000E+00 +0.0000000000E+00 +0.0000000000E+00 +0.0000000000E+00 
+9.2500000000E+01 +0.0000000000E+00 +0.0000000000E+00 +0.0000000000E+00 +0.0000000000E+00 
+9.7500000000E+01 +0.0000000000E+00 +0.0000000000E+00 +0.0000000000E+00 +0.0000000000E+00 
+1.0250000000E+02 +0.0000000000E+00 +0.0000000000E+00 +0.0000000000E+00 +0.0000000000E+00 
+1.0750000000E+02 +0.0000000000E+00 +0.0000000000E+00 +0.0000000000E+00 +0.0000000000E+00 
+1.1250000000E+02 +0.0000000000E+00 +0.0000000000E+00 +0.0000000000E+00 +0.0000000000E+00 
+1.1750000000E+02 +0.0000000000E+00 +0.0000000000E+00 +0.0000000000E+00 +0.0000000000E+00 
+1.2250000000E+02 +0.0000000000E+00 +0.0000000000E+00 +0.0000000000E+00 +0.0000000000E+00 
+1.2750000000E+02 +0.0000000000E+00 +0.0000000000E+00 +0.0000000000E+00 +0.0000000000E+00 
+1.3250000000E+02 +0.0000000000E+00 +0.0000000000E+00 +0.0000000000E+00 +0.0000000000E+00 
+1.3750000000E+02 +0.0000000000E+00 +0.0000000000E+00 +0.0000000000E+00 +0.0000000000E+00 
+1.4250000000E+02 +0.0000000000E+00 +0.0000000000E+00 +0.0000000000E+00 +0.0000000000E+00 
+1.4750000000E+02 +0.0000000000E+00 +0.0000000000E+00 +0.0000000000E+00 +0.0000000000E+00 
+1.5250000000E+02 +0.0000000000E+00 +0.0000000000E+00 +0.0000000000E+00 +0.0000000000E+00 
+1.5750000000E+02 +0.0000000000E+00 +0.0000000000E+00 +0.0000000000E+00 +0.0000000000E+00 
+1.6250000000E+02 +0.0000000000E+00 +0.0000000000E+00 +0.0000000000E+00 +0.0000000000E+00 
+1.6750000000E+02 +0.0000000000E+00 +0.0000000000E+00 +0.0000000000E+00 +0.0000000000E+00 
+1.7250000000E+02 +0.0000000000E+00 +0.0000000000E+00 +0.0000000000E+00 +0.0000000000E+00 
+1.7750000000E+02 +0.0000000000E+00 +0.0000000000E+00 +0.0000000000E+00 +0.0000000000E+00 
+1.8250000000E+02 +0.0000000000E+00 +0.0000000000E+00 +0.0000000000E+00 +0.0000000000E+00 
+1.8750000000E+02 +0.0000000000E+00 +0.0000000000E+00 +0.0000000000E+00 +0.0000000000E+00 
+1.9250000000E+02 +0.0000000000E+00 +0.0000000000E+00 +0.0000000000E+00 +0.0000000000E+00 
+1.9750000000E+02 +0.0000000000E+00 +0.0000000000E+00 +0.0000000000E+00 +0.0000000000E+00 
+2.0250000000E+02 +0.0000000000E+00 +0.0000000000E+00 +0.0000000000E+00 +0.0000000000E+00 
+2.0750000000E+02 +0.0000000000E+00 +0.0000000000E+00 +0.0000000000E+00 +0.0000000000E+00 
+2.1250000000E+02 +0.0000000000E+00 +0.0000000000E+00 +0.0000000000E+00 +0.0000000000E+00 
+2.1750000000E+02 +0.0000000000E+00 +0.0000000000E+00 +0.0000000000E+00 +0.0000000000E+00 
+2.2250000000E+02 +0.0000000000E+00 +0.0000000000E+00 +0.0000000000E+00 +0.0000000000E+00 
+2.2750000000E+02 +0.0000000000E+00 +0.0000000000E+00 +0.0000000000E+00 +0.0000000000E+00 
+2.3250000000E+02 +0.0000000000E+00 +0.0000000000E+00 +0.0000000000E+00 +0.0000000000E+00 
+2.3750000000E+02 +0.0000000000E+00 +0.0000000000E+00 +0.0000000000E+00 +0.0000000000E+00 
+2.4250000000E+02 +0.0000000000E+00 +0.0000000000E+00 +0.0000000000E+00 +0.0000000000E+00 
+2.4750000000E+02 +0.0000000000E+00 +0.0000000000E+00 +0.0000000000E+00 +0.0000000000E+00 
+2.5252842140E+02 +0.0000000000E+00 +0.0000000000E+00 +0.0000000000E+00 +0.0000000000E+00 
+2.5761400871E+02 +0.0000000000E+00 +0.0000000000E+00 +0.0000000000E+00 +0.0000000000E+00 
+2.6275741183E+02 +0.0000000000E+00 +0.0000000000E+00 +0.0000000000E+00 +0.0000000000E+00 
+2.6795928803E+02 +0.0000000000E+00 +0.0000000000E+00 +0.0000000000E+00 +0.0000000000E+00 
+2.7322030207E+02 +0.0000000000E+00 +0.0000000000E+00 +0.0000000000E+00 +0.0000000000E+00 
+2.7854112627E+02 +0.0000000000E+00 +0.0000000000E+00 +0.0000000000E+00 +0.0000000000E+00 
+2.8392244057E+02 +0.0000000000E+00 +0.0000000000E+00 +0.0000000000E+00 +0.0000000000E+00 
+2.8936493268E+02 +0.0000000000E+00 +0.0000000000E+00 +0.0000000000E+00 +0.0000000000E+00 
+2.9486929807E+02 +0.0000000000E+00 +0.0000000000E+00 +0.0000000000E+00 +0.0000000000E+00 
+3.0043624018E+02 +0.0000000000E+00 +0.0000000000E+00 +0.0000000000E+00 +0.0000000000E+00 
+3.0606647040E+02 +0.0000000000E+00 +0.0000000000E+00 +0.0000000000E+00 +0.0000000000E+00 
+3.1176070824E+02 +0.0000000000E+00 +0.0000000000E+00 +0.0000000000E+00 +0.0000000000E+00 
+3.1751968135E+02 +0.0000000000E+00 +0.0000000000E+00 +0.0000000000E+00 +0.0000000000E+00 
+3.2334412570E+02 +0.0000000000E+00 +0.0000000000E+00 +0.0000000000E+00 +0.0000000000E+00 
+3.2923478560E+02 +0.0000000000E+00 +0.0000000000E+00 +0.0000000000E+00 +0.0000000000E+00 
+3.3519241381E+02 +0.0000000000E+00 +0.0000000000E+00 +0.0000000000E+00 +0.0000000000E+00 
+3.4121777168E+02 +0.0000000000E+00 +0.0000000000E+00 +0.0000000000E+00 +0.0000000000E+00 
+3.4731162919E+02 +0.0000000000E+00 +0.0000000000E+00 +0.0000000000E+00 +0.0000000000E+00 
+3.5347476508E+02 +0.0000000000E+00 +0.0000000000E+00 +0.0000000000E+00 +0.0000000000E+00 
+3.5970796696E+02 +0.0000000000E+00 +0.0000000000E+00 +0.0000000000E+00 +0.0000000000E+00 
+3.6601203136E+02 +0.0000000000E+00 +0.0000000000E+00 +0.0000000000E+00 +0.0000000000E+00 
+3.7238776390E+02 +0.0000000000E+00 +0.0000000000E+00 +0.0000000000E+00 +0.0000000000E+00 
+3.7883597934E+02 +0.0000000000E+00 +0.0000000000E+00 +0.0000000000E+00 +0.0000000000E+00 
+3.8535750170E+02 +0.0000000000E+00 +0.0000000000E+00 +0.0000000000E+00 +0.0000000000E+00 
+3.9195316438E+02 +0.0000000000E+00 +0.0000000000E+00 +0.0000000000E+00 +0.0000000000E+00 
+3.9862381025E+02 +0.0000000000E+00 +0.0000000000E+00 +0.0000000000E+00 +0.0000000000E+00 
+4.0537029175E+02 +0.0000000000E+00 +0.0000000000E+00 +0.0000000000E+00 +0.0000000000E+00 
+4.1219347104E+02 +0.0000000000E+00 +0.0000000000E+00 +0.0000000000E+00 +0.0000000000E+00 
+4.1909422004E+02 +0.0000000000E+00 +0.0000000000E+00 +0.0000000000E+00 +0.0000000000E+00 
+4.2607342063E+02 +0.0000000000E+00 +0.0000000000E+00 +0.0000000000E+00 +0.0000000000E+00 
+4.3313196468E+02 +0.0000000000E+00 +0.0000000000E+00 +0.0000000000E+00 +0.0000000000E+00 
+4.4027075421E+02 +0.0000000000E+00 +0.0000000000E+00 +0.0000000000E+00 +0.0000000000E+00 
+4.4749070149E+02 +0.0000000000E+00 +0.0000000000E+00 +0.0000000000E+00 +0.0000000000E+00 
+4.5479272918E+02 +0.0000000000E+00 +0.0000000000E+00 +0.0000000000E+00 +0.0000000000E+00 
+4.6217777041E+02 +0.0000000000E+00 +0.0000000000E+00 +0.0000000000E+00 +0.0000000000E+00 
+4.6964676892E+02 +0.0000000000E+00 +0.0000000000E+00 +0.0000000000E+00 +0.0000000000E+00 
+4.7720067919E+02 +0.0000000000E+00 +0.0000000000E+00 +0.0000000000E+00 +0.0000000000E+00 
+4.8484046655E+02 +0.0000000000E+00 +0.0000000000E+00 +0.0000000000E+00 +0.0000000000E+00 
+4.9256710728E+02 +0.0000000000E+00 +0.0000000000E+00 +0.0000000000E+00 +0.0000000000E+00 
+5.0038158879E+02 +0.0000000000E+00 +0.0000000000E+00 +0.0000000000E+00 +0.0000000000E+00 
+5.0828490971E+02 +0.0000000000E+00 +0.0000000000E+00 +0.0000000000E+00 +0.0000000000E+00 
+5.1627808000E+02 +0.0000000000E+00 +0.0000000000E+00 +0.0000000000E+00 +0.0000000000E+00 
+5.2436212113E+02 +0.0000000000E+00 +0.0000000000E+00 +0.0000000000E+00 +0.0000000000E+00 
+5.3253806617E+02 +0.0000000000E+00 +0.0000000000E+00 +0.0000000000E+00 +0.0000000000E+00 
+5.4080695993E+02 +0.0000000000E+00 +0.0000000000E+00 +0.0000000000E+00 +0.0000000000E+00 
+5.4916985910E+02 +0.0000000000E+00 +0.0000000000E+00 +0.0000000000E+00 +0.0000000000E+00 
+5.5762783239E+02 +0.0000000000E+00 +0.0000000000E+00 +0.0000000000E+00 +0.0000000000E+00 
+5.6618196066E+02 +0.0000000000E+00 +0.0000000000E+00 +0.0000000000E+00 +0.0000000000E+00 
+5.7483333705E+02 +0.0000000000E+00 +0.0000000000E+00 +0.0000000000E+00 +0.0000000000E+00 
+5.8358306713E+02 +0.0000000000E+00 +0.0000000000E+00 +0.0000000000E+00 +0.0000000000E+00 
+5.9243226905E+02 +0.0000000000E+00 +0.0000000000E+00 +0.0000000000E+00 +0.0000000000E+00 
+6.0138207364E+02 +0.0000000000E+00 +0.0000000000E+00 +0.0000000000E+00 +0.0000000000E+00 
+6.1043362463E+02 +0.0000000000E+00 +0.0000000000E+00 +0.0000000000E+00 +0.0000000000E+00 
+6.1958807872E+02 +0.0000000000E+00 +0.0000000000E+00 +0.0000000000E+00 +0.0000000000E+00 
+6.2884660577E+02 +0.0000000000E+00 +0.0000000000E+00 +0.0000000000E+00 +0.0000000000E+00 
+6.3821038894E+02 +0.0000000000E+00 +0.0000000000E+00 +0.0000000000E+00 +0.0000000000E+00 
+6.4768062484E+02 +0.0000000000E+00 +0.0000000000E+00 +0.0000000000E+00 +0.0000000000E+00 
+6.5725852368E+02 +0.0000000000E+00 +0.0000000000E+00 +0.0000000000E+00 +0.0000000000E+00 
+6.6694530944E+02 +0.0000000000E+00 +0.0000000000E+00 +0.0000000000E+00 +0.0000000000E+00 
+6.7674222001E+02 +0.0000000000E+00 +0.0000000000E+00 +0.0000000000E+00 +0.0000000000E+00 
+6.8665050734E+02 +0.0000000000E+00 +0.0000000000E+00 +0.0000000000E+00 +0.0000000000E+00 
+6.9667143763E+02 +0.0000000000E+00 +0.0000000000E+00 +0.0000000000E+00 +0.0000000000E+00 
+7.0680629147E+02 +0.0000000000E+00 +0.0000000000E+00 +0.0000000000E+00 +0.0000000000E+00 
+7.1705636401E+02 +0.0000000000E+00 +0.0000000000E+00 +0.0000000000E+00 +0.0000000000E+00 
+7.2742296510E+02 +0.0000000000E+00 +0.0000000000E+00 +0.0000000000E+00 +0.0000000000E+00 
+7.3790741953E+02 +0.0000000000E+00 +0.0000000000E+00 +0.0000000000E+00 +0.0000000000E+00 
+7.4851106710E+02 +0.0000000000E+00 +0.0000000000E+00 +0.0000000000E+00 +0.0000000000E+00 
+7.5923526288E+02 +0.0000000000E+00 +0.0000000000E+00 +0.0000000000E+00 +0.0000000000E+00 
+7.7008137732E+02 +0.0000000000E+00 +0.0000000000E+00 +0.0000000000E+00 +0.0000000000E+00 
+7.8105079646E+02 +0.0000000000E+00 +0.0000000000E+00 +0.0000000000E+00 +0.0000000000E+00 
+7.9214492210E+02 +0.0000000000E+00 +0.0000000000E+00 +0.0000000000E+00 +0.0000000000E+00 
+8.0336517198E+02 +0.0000000000E+00 +0.0000000000E+00 +0.0000000000E+00 +0.0000000000E+00 
+8.1471297994E+02 +0.0000000000E+00 +0.0000000000E+00 +0.0000000000E+00 +0.0000000000E+00 
+8.2618979613E+02 +0.0000000000E+00 +0.0000000000E+00 +0.0000000000E+00 +0.0000000000E+00 
+8.3779708720E+02 +0.0000000000E+00 +0.0000000000E+00 +0.0000000000E+00 +0.0000000000E+00 
+8.4953633646E+02 +0.0000000000E+00 +0.0000000000E+00 +0.0000000000E+00 +0.0000000000E+00 
+8.6140904407E+02 +0.0000000000E+00 +0.0000000000E+00 +0.0000000000E+00 +0.0000000000E+00 
+8.7341672727E+02 +0.0000000000E+00 +0.0000000000E+00 +0.0000000000E+00 +0.0000000000E+00 
+8.8556092054E+02 +0.0000000000E+00 +0.0000000000E+00 +0.0000000000E+00 +0.0000000000E+00 
+8.9784317580E+02 +0.0000000000E+00 +0.0000000000E+00 +0.0000000000E+00 +0.0000000000E+00 
+9.1026506261E+02 +0.0000000000E+00 +0.0000000000E+00 +0.0000000000E+00 +0.0000000000E+00 
+9.2282816839E+02 +0.0000000000E+00 +0.0000000000E+00 +0.0000000000E+00 +0.0000000000E+00 
+9.3553409860E+02 +0.0000000000E+00 +0.0000000000E+00 +0.0000000000E+00 +0.0000000000E+00 
+9.4838447693E+02 +0.0000000000E+00 +0.0000000000E+00 +0.0000000000E+00 +0.0000000000E+00 
+9.6138094556E+02 +0.0000000000E+00 +0.0000000000E+00 +0.0000000000E+00 +0.0000000000E+00 
+9.7452516532E+02 +0.0000000000E+00 +0.0000000000E+00 +0.0000000000E+00 +0.0000000000E+00 
+9.8781881593E+02 +0.0000000000E+00 +0.0000000000E+00 +0.0000000000E+00 +0.0000000000E+00 
+1.0012635962E+03 +0.0000000000E+00 +0.0000000000E+00 +0.0000000000E+00 +0.0000000000E+00 
+1.0148612243E+03 +0.0000000000E+00 +0.0000000000E+00 +0.0000000000E+00 +0.0000000000E+00 
+1.0286134378E+03 +0.0000000000E+00 +0.0000000000E+00 +0.0000000000E+00 +0.0000000000E+00 
+1.0425219942E+03 +0.0000000000E+00 +0.0000000000E+00 +0.0000000000E+00 +0.0000000000E+00 
+1.0565886708E+03 +0.0000000000E+00 +0.0000000000E+00 +0.0000000000E+00 +0.0000000000E+00 
+1.0708152653E+03 +0.0000000000E+00 +0.0000000000E+00 +0.0000000000E+00 +0.0000000000E+00 
+1.0852035957E+03 +0.0000000000E+00 +0.0000000000E+00 +0.0000000000E+00 +0.0000000000E+00 
+1.0997555007E+03 +0.0000000000E+00 +0.0000000000E+00 +0.0000000000E+00 +0.0000000000E+00 
+1.1144728399E+03 +0.0000000000E+00 +0.0000000000E+00 +0.0000000000E+00 +0.0000000000E+00 
+1.1293574941E+03 +0.0000000000E+00 +0.0000000000E+00 +0.0000000000E+00 +0.0000000000E+00 
+1.1444113653E+03 +0.0000000000E+00 +0.0000000000E+00 +0.0000000000E+00 +0.0000000000E+00 
+1.1596363774E+03 +0.0000000000E+00 +0.0000000000E+00 +0.0000000000E+00 +0.0000000000E+00 
+1.1750344759E+03 +0.0000000000E+00 +0.0000000000E+00 +0.0000000000E+00 +0.0000000000E+00 
+1.1906076286E+03 +0.0000000000E+00 +0.0000000000E+00 +0.0000000000E+00 +0.0000000000E+00 
+1.2063578257E+03 +0.0000000000E+00 +0.0000000000E+00 +0.0000000000E+00 +0.0000000000E+00 
+1.2222870798E+03 +0.0000000000E+00 +0.0000000000E+00 +0.0000000000E+00 +0.0000000000E+00 
+1.2383974266E+03 +0.0000000000E+00 +0.0000000000E+00 +0.0000000000E+00 +0.0000000000E+00 
+1.2546909249E+03 +0.0000000000E+00 +0.0000000000E+00 +0.0000000000E+00 +0.0000000000E+00 
+1.2711696567E+03 +0.0000000000E+00 +0.0000000000E+00 +0.0000000000E+00 +0.0000000000E+00 
+1.2878357280E+03 +0.0000000000E+00 +0.0000000000E+00 +0.0000000000E+00 +0.0000000000E+00 
+1.3046912686E+03 +0.0000000000E+00 +0.0000000000E+00 +0.0000000000E+00 +0.0000000000E+00 
+1.3217384324E+03 +0.0000000000E+00 +0.0000000000E+00 +0.0000000000E+00 +0.0000000000E+00 
+1.3389793978E+03 +0.0000000000E+00 +0.0000000000E+00 +0.0000000000E+00 +0.0000000000E+00 
+1.3564163683E+03 +0.0000000000E+00 +0.0000000000E+00 +0.0000000000E+00 +0.0000000000E+00 
+1.3740515719E+03 +0.0000000000E+00 +0.0000000000E+00 +0.0000000000E+00 +0.0000000000E+00 
+1.3918872625E+03 +0.0000000000E+00 +0.0000000000E+00 +0.0000000000E+00 +0.0000000000E+00 
+1.4099257191E+03 +0.0000000000E+00 +0.0000000000E+00 +0.0000000000E+00 +0.0000000000E+00 
+1.4281692470E+03 +0.0000000000E+00 +0.0000000000E+00 +0.0000000000E+00 +0.0000000000E+00 
+1.4466201776E+03 +0.0000000000E+00 +0.0000000000E+00 +0.0000000000E+00 +0.0000000000E+00 
+1.4652808687E+03 +0.0000000000E+00 +0.0000000000E+00 +0.0000000000E+00 +0.0000000000E+00 
+1.4841537050E+03 +0.0000000000E+00 +0.0000000000E+00 +0.0000000000E+00 +0.0000000000E+00 
+1.5032410982E+03 +0.0000000000E+00 +0.0000000000E+00 +0.0000000000E+00 +0.0000000000E+00 
+1.5225454876E+03 +0.0000000000E+00 +0.0000000000E+00 +0.0000000000E+00 +0.0000000000E+00 
+1.5420693402E+03 +0.0000000000E+00 +0.0000000000E+00 +0.0000000000E+00 +0.0000000000E+00 
+1.5618151508E+03 +0.0000000000E+00 +0.0000000000E+00 +0.0000000000E+00 +0.0000000000E+00 
+1.5817854428E+03 +0.0000000000E+00 +0.0000000000E+00 +0.0000000000E+00 +0.0000000000E+00 
+1.6019827684E+03 +0.0000000000E+00 +0.0000000000E+00 +0.0000000000E+00 +0.0000000000E+00 
+1.6224097084E+03 +0.0000000000E+00 +0.0000000000E+00 +0.0000000000E+00 +0.0000000000E+00 
+1.6430688733E+03 +0.0000000000E+00 +0.0000000000E+00 +0.0000000000E+00 +0.0000000000E+00 
+1.6639629032E+03 +0.0000000000E+00 +0.0000000000E+00 +0.0000000000E+00 +0.0000000000E+00 
+1.6850944681E+03 +0.0000000000E+00 +0.0000000000E+00 +0.0000000000E+00 +0.0000000000E+00 
+1.7064662684E+03 +0.0000000000E+00 +0.0000000000E+00 +0.0000000000E+00 +0.0000000000E+00 
+1.7280810354E+03 +0.0000000000E+00 +0.0000000000E+00 +0.0000000000E+00 +0.0000000000E+00 
+1.7499415311E+03 +0.0000000000E+00 +0.0000000000E+00 +0.0000000000E+00 +0.0000000000E+00 
+1.7720505492E+03 +0.0000000000E+00 +0.0000000000E+00 +0.0000000000E+00 +0.0000000000E+00 
+1.7944109150E+03 +0.0000000000E+00 +0.0000000000E+00 +0.0000000000E+00 +0.0000000000E+00 
+1.8170254860E+03 +0.0000000000E+00 +0.0000000000E+00 +0.0000000000E+00 +0.0000000000E+00 
+1.8398971520E+03 +0.0000000000E+00 +0.0000000000E+00 +0.0000000000E+00 +0.0000000000E+00 
+1.8630288360E+03 +0.0000000000E+00 +0.0000000000E+00 +0.0000000000E+00 +0.0000000000E+00 
+1.8864234939E+03 +0.0000000000E+00 +0.0000000000E+00 +0.0000000000E+00 +0.0000000000E+00 
+1.9100841154E+03 +0.0000000000E+00 +0.0000000000E+00 +0.0000000000E+00 +0.0000000000E+00 
+1.9340137240E+03 +0.0000000000E+00 +0.0000000000E+00 +0.0000000000E+00 +0.0000000000E+00 
+1.9582153779E+03 +0.0000000000E+00 +0.0000000000E+00 +0.0000000000E+00 +0.0000000000E+00 
+1.9826921697E+03 +0.0000000000E+00 +0.0000000000E+00 +0.0000000000E+00 +0.0000000000E+00 
+2.0074472274E+03 +0.0000000000E+00 +0.0000000000E+00 +0.0000000000E+00 +0.0000000000E+00 
